-11.145954 29.185675511736815
-2.2465003 30.750611007713815
-9.432022 25.675849516763314
-2.2347636 23.26298855547583
-2.7863102 22.133768963102593
-9.940147 19.926059509260845
-16.750504 18.805357570863904
-18.708687 15.421274125016945
-22.451546 8.314952719625264
-22.869314 10.00392567516192
-22.642605 5.596649198862288
-20.600334 0.9977239396984992
-24.360886 2.5712438376745603
-27.076483 2.933756661891015
-25.02111 3.8764488767876824
-29.50697 8.639305971251702
-30.086885 9.384503798363669
-27.571186 8.67255836795501
-23.454733 8.283535378282293
-24.644266 9.548067938304886
-26.853426 16.394469258410023
-32.815575 22.933257510216695
-34.562763 29.83806774243501
-36.97403 20.600374678375832
-32.92296 18.085048669575322
-30.841143 17.951737302824863
-30.592981 20.663598810636305
-29.445808 20.117524702223065
-28.411121 24.728444759140547
-28.558868 26.499251672966402
-30.48548 24.171188350993912
-32.74927 23.20747770568558
-33.464916 23.286885391912858
-34.684746 22.910085187650623
-37.54903 22.465953441269743
-41.866096 22.008151319847418
-44.623146 22.537288369057876
-38.72642 24.638509210319405
-37.379807 28.084619010192988
-36.414104 32.40628968684276
-40.29488 32.43137413659681
-41.690895 40.17532414243799
-39.7624 42.69589307441818
-39.260334 43.61609114881411
-37.759727 44.01384851515772
-32.9426 44.53975891172235
-39.87338 44.68307726811836
-40.15141 41.33408909386345
-42.53978 38.48112495680085
-44.364414 37.13306383945167
-40.650806 37.35525984681997
-39.697945 37.611917008221376
-32.711227 33.95192045531826
-35.48846 30.44549492435401
-38.15268 30.734409027790058
-32.70851 31.87007568289116
-37.219875 36.622495531070264
-39.151066 37.965232895823924
-38.718727 42.47073717843798
-38.183716 46.70456709897146
-36.206398 49.015880985481644
-37.54507 53.86451970071658
-37.585926 55.48428536547108
-32.782166 56.909982950816406
-35.80922 59.28285853895496
-39.817837 59.96712924411581
-37.018818 60.87023130582102
-38.37708 60.9378843916986
-40.599693 61.961101230031005
-50.28572 63.31062655028226
-37.46652 64.75833463335853
-31.49223 64.24429810400568
-33.891254 55.75074539116309
-26.968023 51.51965771313101
-25.064966 34.664643148509114
-20.202177 30.674465052633565
