-17.069063 18.00695980578457
-22.71065 30.663012485579237
-24.810598 41.078966561637486
-29.87454 57.496738745323626
-27.948315 74.5790339491738
-26.207443 100.15032749963194
-27.80818 130.19331817532378
-27.981884 123.62562431259002
-26.057022 108.82771514971304
-35.13861 102.61142171508556
-28.054646 101.84552671948799
-32.63371 93.81795594540466
-28.784636 75.80539059038735
-30.390524 66.47190824736437
-34.534607 59.38301826602363
-32.77634 56.54057421406271
-33.648857 49.55261785331208
-31.73446 44.39549390803071
-31.529335 42.21968872411171
-31.295414 41.40732401103514
-32.49839 40.4651274946105
-34.510105 46.49942257517046
-40.32724 51.18415566425561
-35.4042 53.278229800709646
-46.76021 56.11673266687183
-44.40219 57.4732492384165
-31.4273 56.51872124355191
-32.530575 57.38549419254316
-37.806213 60.21640639107476
-38.60802 64.37680153933822
-36.654747 65.74558346096102
-38.09245 72.46956271910095
-37.639534 77.16777263991669
-38.482365 78.66874525913752
-39.36999 74.50718554578069
-42.985447 66.75460319369373
-45.43568 63.08371834107079
-35.21007 52.99981403292651
-31.721863 38.97791779156383
-35.602882 31.160940319965427
-28.033379 31.977591271107627
-26.749685 35.922214340379504
-18.8808 32.62202836018196
