-1.7923524 6.238568392216019
-2.84888 6.238568392216019
-1.5075028 6.238568392216019
-2.8178456 6.238568392216019
-2.139099 6.238568392216019
-8.961976 6.238568392216019
-14.3877125 6.238568392216019
-18.404503 6.238568392216019
-22.811495 6.238568392216019
-19.31493 6.238568392216019
-28.621952 6.238568392216019
-20.994246 6.238568392216019
-23.24541 6.238568392216019
-26.452948 6.238568392216019
-26.712292 6.238568392216019
-25.754541 6.238568392216019
-27.755001 6.238568392216019
-25.467321 6.238568392216019
-23.572617 6.238568392216019
-27.946821 6.238568392216019
-29.495712 6.238568392216019
-26.842089 6.238568392216019
-30.569 6.238568392216019
-30.00286 6.238568392216019
-32.292995 6.238568392216019
-33.824123 6.238568392216019
-34.116436 6.238568392216019
-34.236736 6.238568392216019
-34.086075 6.238568392216019
-34.108086 6.238568392216019
-33.744026 6.238568392216019
-34.59194 6.238568392216019
-34.19241 6.238568392216019
-34.475014 6.238568392216019
-34.362156 6.238568392216019
-34.31623 6.238568392216019
-35.458595 6.238568392216019
-35.65338 6.238568392216019
-35.709465 6.238568392216019
-36.669285 6.238568392216019
-36.983784 6.238568392216019
-41.922413 6.238568392216019
1.2941012 7.514006457217405
0.9337723 8.082899705598415
0.9121107 8.616000663995093
1.2321494 9.326223280600612
1.2693938 10.227474321520525
-5.0420895 11.332631818331441
-24.11785 12.649684050494404
-18.956863 14.851999123926444
-17.90054 15.418779644743926
-17.595133 36.63222580402492
-25.705093 39.81712448017279
-33.37303 40.13418820480176
-30.011463 38.98761247001009
-22.685146 34.047967376324955
-25.267012 29.507554492289515
-22.949852 28.75361453622955
-21.749252 30.439914130474705
-31.992659 34.53764548971957
-29.335306 31.82054540495758
-28.97898 31.926340031427518
-33.28268 31.74987832513426
-38.304203 26.587256607444157
-28.447443 23.332521999727533
-30.817245 24.65829888454085
-28.417881 19.426280814886773
-38.593483 19.380564210897283
-34.725815 20.247207760318616
-42.40328 28.146025182587806
-43.19931 36.25470297412422
-46.470222 43.63672090594891
-41.1428 49.12842522751992
-34.47749 55.66459450970714
-34.4514 71.02794399760283
-34.358364 80.16841112791025
-34.935383 79.53491686944537
-34.271793 72.6226132280512
-40.87888 87.4098130900325
-40.16097 89.6461171945619
-41.386208 82.32886405484011
-46.83229 73.58582290344239
-44.273987 71.85327009539013
-38.566353 67.65858426305215
-32.44405 65.5552002994893
-30.154715 61.244208702323895
-37.294647 56.97278543731343
-26.400887 52.54536686837358
-23.399557 51.10139446163579
-19.745905 48.953237954888294
-4.1005907 50.73980550738812
-2.2617948 40.913437280944386
-1.891001 31.662331751059675
-0.6513979 27.599286197426
