 -57.69901  43.5252463  -5.631285  1009.716088711558  48.63142385909881 32.37163164302326 11:10:00
 -57.66524  43.5252463  -5.631285  1009.7136829199382  48.63142385909881 32.39173054974879 11:10:03
 -51.894855  43.5252463  -5.631285  1009.7201305395955  48.63142385909881 32.33786474731091 11:10:05
 -51.231937  43.525275  -5.6312534  1009.6754897517101  51.45964482528314 32.71081613296901 11:10:08
 -51.48559  43.5253384  -5.63123  1009.6924212732686  54.59015726829608 32.56936019359911 11:10:10
 -53.573013  43.5253489  -5.631228  1009.6968257061231  55.03813438678503 32.53256327285936 11:10:13
 -53.75958  43.5253867  -5.6311979  1009.6723270687166  58.57778396648441 32.73723926906429 11:10:15
 -59.86124  43.5254251  -5.6312095  1009.666369809964  59.19317932930691 32.78701031304988 11:10:18
 -52.75496  43.5254651  -5.6312793  1009.6410223958453  56.04290144408023 32.998782732423706 11:10:20
 -48.59778  43.5254909  -5.6313294  1009.6484441335425  54.07687729859449 32.93677519832206 11:10:22
 -46.897655  43.5255026  -5.6313984  1009.6704457665444  50.335833177606055 32.75295693787805 11:10:25
 -40.809643  43.5255194  -5.631439  1009.6385139942305  49.05607326814491 33.01974014487115 11:10:27
 -52.790077  43.5255065  -5.6314683  1009.6596768201566  46.345852729120296 32.84292844479923 11:10:30
 -42.19918  43.5255112  -5.6315123  1009.6548644451007  44.20538903900178 32.88313473102355 11:10:32
 -44.90331  43.5255469  -5.6315167  1009.6261019869614  46.95538351939107 33.1234416854897 11:10:35
 -46.679043  43.5255911  -5.6315241  1009.6518956838559  50.49638010762812 32.90793812547347 11:10:37
 -48.2783  43.5256046  -5.6315473  1009.6427323932475  50.69127917095134 32.98449592124793 11:10:39
 -43.105347  43.5255988  -5.6315747  1009.6056462499339  48.97743187732238 33.294350335191545 11:10:42
 -38.99078  43.5255701  -5.6315958  1009.6095480315997  45.365589484244666 33.261750548557075 11:10:44
 -38.401752  43.5255188  -5.6315775  1009.63227347729  41.46226320817606 33.071879142656144 11:10:47
 -46.39434  43.5254922  -5.6315476  1009.6865102388273  40.719940363495105 32.61874425112716 11:10:49
 -40.886658  43.525473  -5.6315161  1009.683262116455  40.980993145119896 32.64588096514861 11:10:52
 -39.386055  43.5254711  -5.6314631  1009.6591415271844  44.067055005840565 32.84740068673767 11:10:54
 -40.231453  43.5254386  -5.6314542  1009.6910243011781  42.467062537320466 32.58103125150143 11:10:57
 -45.012146  43.525379  -5.6314515  1009.6969227799414  39.2620928958492 32.5317522692031 11:10:59
 -49.23785  43.5253383  -5.6314437  1009.6933003097346  38.04269308633392 32.56201625580961 11:11:02
 -53.843433  43.5252757  -5.6314309  1009.7139291332564  37.261245264860875 32.389673587392856 11:11:04
 -55.66088  43.5252354  -5.6314208  1009.6946460972198  37.60468715161396 32.550772841979686 11:11:06
 -58.233337  43.5251753  -5.6313998  1009.7265234672097  39.583887301549474 32.284456137428485 11:11:09
 -60.131504  43.5251518  -5.6313684  1009.7545383127238  42.493050733421434 32.050414176704265 11:11:11
 -58.453785  43.525126  -5.63135  1009.7731775714569  44.543815646396915 31.894700769021345 11:11:14
 -52.87712  43.5251275  -5.6313686  1009.7478468217987  43.043598876336866 32.106315833069345 11:11:16
 -49.66147  43.5251375  -5.6313991  1009.7374723995517  40.38634623772691 32.19298580874589 11:11:19
 -63.32771  43.5251566  -5.6314541  1009.7728373420758  35.58874593137472 31.897543043406472 11:11:21
 -53.032867  43.525184  -5.6314747  1009.7109587595774  33.45564668673769 32.41448927797057 11:11:24
 -48.93255  43.5252287  -5.6315238  1009.7137961853725  29.255450587446404 32.390784285960315 11:11:26
 -45.588715  43.5252629  -5.6315637  1009.6789439662879  26.44031788685096 32.68195742663864 11:11:29
 -49.26717  43.5253035  -5.6316111  1009.6795707450586  24.027921607938044 32.6767209265682 11:11:31
 -44.05058  43.5253271  -5.6316353  1009.7004943349768  23.444854449088037 32.50191374029896 11:11:33
 -43.633526  43.5253669  -5.6316787  1009.6829119661201  23.33300805218161 32.64880633006022 11:11:36
 -37.2084  43.5253979  -5.6317091  1009.6614846311386  24.33672647298566 32.82782464013088 11:11:38
 -46.409252  43.5254462  -5.6317555  1009.6753315806445  27.199472221271854 32.71213759660274 11:11:41
 -46.630333  43.5254464  -5.6318057  1009.6902673693039  25.924782498648938 32.58735507387299 11:11:43
 -40.621746  43.5254554  -5.6318839  1009.6582546604783  26.109520284885487 32.85481024550734 11:11:46
 -52.32669  43.5254675  -5.6319102  1009.6914332528903  27.52606887962059 32.577614647093405 11:11:48
 -39.51759  43.525473  -5.6319019  1009.6525373636938  28.095912003898537 32.90257701635248 11:11:51
 -34.581448  43.5254315  -5.6319022  1009.6749790600073  23.492663800143013 32.71508278316619 11:11:53
 -30.640232  43.5253955  -5.6318862  1009.6838437750287  19.45421369230979 32.641021444034436 11:11:56
 -38.731148  43.525354  -5.6318438  1009.6599130040807  15.221363917808558 32.84095518645445 11:11:58
 -38.06817  43.5253459  -5.6318032  1009.6689752463468  15.44947988634215 32.76524267318388 11:12:00
 -31.400352  43.5253229  -5.6317574  1009.6978046504245  15.392664784238143 32.52438468113123 11:12:03
 -27.770323  43.5252894  -5.6317425  1009.6802364687553  13.871385448049331 32.671159059222724 11:12:05
 -30.13612  43.5252508  -5.6317768  1009.7055845832592  9.41436131123308 32.45938744811157 11:12:08
 -33.05092  43.5252519  -5.6318117  1009.7072565823946  6.916928211299285 32.445418830661254 11:12:10
 -18.082642  43.525263  -5.6318569  1009.7231073039943  5.267543336830429 32.31299584907933 11:12:13
 -28.226421  43.5252418  -5.6318548  1009.707679678753  3.436964786602921 32.44188410023932 11:12:15
 -31.814066  43.5252462  -5.6318138  1009.7594550014884  6.466476491678342 32.00933965838453 11:12:18
 -31.824154  43.5252786  -5.6317592  1009.6916633322154  12.085747289538507 32.57569244011341 11:12:20
 -31.08364  43.5253028  -5.6317389  1009.7203521324323  14.975706814386276 32.33601348363809 11:12:23
 -34.15334  43.5253275  -5.6316884  1009.6840062872647  19.886833935757057 32.63966372071968 11:12:25
 -37.438908  43.5253419  -5.6316482  1009.7477514166083  23.45741201634169 32.10711286362024 11:12:28
 -39.470234  43.5253575  -5.6315782  1009.6929105884178  29.14097630226065 32.56527219416323 11:12:30
 -44.386997  43.5253451  -5.6315228  1009.7076306719579  32.43011042136771 32.44229352419396 11:12:33
 -45.881824  43.5253116  -5.6314487  1009.691880227017  36.737185301079506 32.57388038409245 11:12:35
 -47.811417  43.5252904  -5.6314004  1009.6946257449027  39.9806424160677 32.55094287581353 11:12:37
 -51.677864  43.5252662  -5.631326  1009.6665285247032  45.51697168711505 32.78568429768174 11:12:40
 -50.24251  43.5252592  -5.6312755  1009.7049832507104  49.50227340490794 32.464411249746426 11:12:42
 -48.745632  43.5252226  -5.6313225  1009.6988400905525  45.515268164005434 32.515734101915626 11:12:45
 -50.968662  43.5252336  -5.631364  1009.6448506085438  42.185123368454576 32.96679852856388 11:12:47
 -51.391026  43.5252784  -5.6314299  1009.7221928717179  37.39151163249111 32.320635319783676 11:12:50
 -54.848167  43.5253147  -5.63144  1009.6986178059269  37.50848240758435 32.51759117707022 11:12:52
 -52.89533  43.5253569  -5.631444  1009.7331936842543  38.78045214290775 32.228731252745774 11:12:55
 -48.265842  43.525408  -5.6314523  1009.6911834242425  40.7542296607205 32.579701850984904 11:12:57
 -45.854286  43.5254388  -5.6314526  1009.6614098662262  42.58598506850182 32.82844928168113 11:13:00
 -43.62392  43.5254824  -5.6314488  1009.6356818937343  45.75707280852798 33.043402075621806 11:13:02
 -45.11743  43.5255034  -5.6314256  1009.6509931189413  48.692215887878106 32.91547888287845 11:13:05
 -44.35384  43.5255228  -5.6313742  1009.585477695735  53.26697716237592 33.462862303861755 11:13:07
 -51.27011  43.5255429  -5.6313306  1009.5919419569007  57.41279789321432 33.40885191965238 11:13:09
 -50.821587  43.5255792  -5.6312732  1009.6042473241184  63.55604676504461 33.3060385289249 11:13:12
 -61.47659  43.5255717  -5.6312267  1009.6206815630061  66.0297086713844 33.16872931079186 11:13:14
 -59.99765  43.5255379  -5.6311964  1009.5881187944148  65.93789854344769 33.440795284993406 11:13:17
 -57.47192  43.5255089  -5.6311744  1009.6404760169814  65.81945580018767 33.00334766258641 11:13:19
 -56.614048  43.5254737  -5.6311454  1009.6666914912515  66.1198621659544 32.78432275987136 11:13:22
 -56.889668  43.5254171  -5.6310994  1009.6731122882056  67.20321519166237 32.73067902219662 11:13:24
 -69.38218  43.5253815  -5.6310658  1009.6592495939117  68.64159340553857 32.846497815492775 11:13:27
 -56.0738  43.5253256  -5.6310704  1009.652774995218  66.92362318829633 32.90059165230227 11:13:29
 -69.11282  43.5252946  -5.6311109  1009.7445122490102  63.16126069115971 32.134173435146394 11:13:32
 -63.80248  43.5252472  -5.6311202  1009.7010955800803  61.94074787755234 32.496890651137306 11:13:34
 -64.09051  43.5252533  -5.6311318  1009.7288594938708  61.04089983011144 32.26494027435326 11:13:36
 -59.635727  43.525282  -5.6311282  1009.6957366517603  61.60372627766537 32.54166178681471 11:13:39
 -57.01731  43.5253124  -5.6311138  1009.6692557896458  63.2183043248358 32.76289882074304 11:13:41
 -57.357723  43.5253717  -5.6310825  1009.6859263366819  67.05795926535829 32.62362250594477 11:13:44
 -57.531216  43.5254106  -5.6310652  1009.6608028382678  69.60090904396813 32.83352084498718 11:13:46
 -58.1762  43.5254708  -5.6310399  1009.6588136963084  73.80480144948277 32.85013963451958 11:13:49
 -58.11527  43.5255018  -5.6310287  1009.6334699348689  75.99511625537906 33.06188281930133 11:13:51
 -60.66475  43.5255362  -5.6310155  1009.6268943793356  78.59906781214468 33.11682126616411 11:13:54
 -60.736904  43.5255874  -5.6310068  1009.6241935555814  81.90709992795772 33.139386601284976 11:13:56
 -60.40444  43.5256243  -5.6310044  1009.6239251891108  84.18734673816441 33.14162880111275 11:13:59
 -62.438305  43.525678  -5.6310043  1009.5727314051624  87.51980138738278 33.56936130457941 11:14:01
 -63.048367  43.5257011  -5.631006  1009.5741340205393  88.92525904215046 33.557641987912575 11:14:04
 -59.738632  43.5256806  -5.6309942  1009.6157082370712  88.35254529760695 33.210281606696405 11:14:06
 -57.22859  43.525672  -5.6309977  1009.6192797005103  87.57101644631888 33.180441899625656 11:14:08
 -62.915005  43.5256675  -5.6310076  1009.5824943278529  86.62862530222499 33.48778912100112 11:14:11
 -57.593025  43.5256435  -5.6309705  1009.5770461888751  87.64384543299866 33.533309897716265 11:14:13
 -57.694237  43.525626  -5.6308866  1009.5985767819878  92.47640137970292 33.3534167259576 11:14:16
 -62.646694  43.5256141  -5.6308303  1009.6136247369786  95.86597031066194 33.22768936530612 11:14:18
 -59.22298  43.5255847  -5.630789  1009.6122213145923  97.44734662714758 33.23941505342666 11:14:21
 -60.425014  43.5255782  -5.6307247  1009.5905463575529  101.91490203225561 33.42051244849472 11:14:23
 -61.356846  43.5255825  -5.6307431  1009.5848872711988  100.7367289107066 33.467795450196164 11:14:26
 -61.94245  43.5256082  -5.6306672  1009.59566401387  107.50256932739073 33.37775340728096 11:14:28
 -65.25378  43.5256316  -5.6306357  1009.5942598596544  110.88595139125601 33.38948537888127 11:14:31
 -66.3702  43.5256285  -5.6306349  1009.6396232415561  110.80350440161342 33.01047250343249 11:14:33
 -59.432873  43.5256422  -5.6306371  1009.5872454504987  111.27366450773714 33.44809227967042 11:14:36
 -59.10767  43.5256449  -5.6307005  1009.5964717982097  106.77895747906352 33.37100422373966 11:14:38
 -58.0202  43.5256413  -5.630723  1009.5809909897821  104.97132506622555 33.50034992546605 11:14:40
 -57.829082  43.5256412  -5.6307214  1009.6107108762366  105.08220153749194 33.25203488189471 11:14:43
 -57.746822  43.5256412  -5.6307214  1009.6249546760239  105.08220153749194 33.13302744838478 11:14:45
 -57.809116  43.5256412  -5.6307214  1009.6137869534955  105.08220153749194 33.226334036285024 11:14:48
 -60.671585  43.5256412  -5.6307214  1009.6066213555994  105.08220153749194 33.286203217623296 11:14:50
 -60.17926  43.5256412  -5.6307214  1009.6197723859499  105.08220153749194 33.17632550154941 11:14:53
 -59.550068  43.525635  -5.6307383  1009.5930222989447  103.55216242409801 33.39982544147067 11:14:55
 -57.53089  43.5256193  -5.6308135  1009.6073086615193  97.33817234893704 33.280460703150496 11:14:58
 -57.884014  43.5256001  -5.6308687  1009.6294776763013  92.3938939928695 33.095237911028235 11:15:00
 -62.30822  43.5255926  -5.6309263  1009.6340163018821  87.88151974461721 33.05731796250028 11:15:03
 -63.990906  43.5256194  -5.6310029  1009.6073671285615  84.00140769774795 33.279972204902165 11:15:05
 -54.611496  43.5256415  -5.6310529  1009.6014383962988  81.97236808882204 33.329507498894564 11:15:08
 -54.01915  43.5256249  -5.6311109  1009.6031102156678  77.07833670626357 33.31553921669999 11:15:10
 -54.251686  43.525583  -5.6311228  1009.6293689308601  73.65298160956401 33.096146474459786 11:15:12
 -51.3522  43.5255173  -5.6311301  1009.6114693135479  69.40812926648346 33.24569807799598 11:15:15
 -66.124535  43.5255005  -5.6311658  1009.6634433759453  65.98229477596047 32.8114598461542 11:15:17
 -63.698082  43.5255569  -5.6311961  1009.6216054652303  67.11105144974822 33.16101009666039 11:15:20
 -66.99664  43.5255977  -5.6312149  1009.5896214940108  68.52941891132666 33.428239886931514 11:15:22
 -54.357162  43.5256572  -5.6312353  1009.5693466668167  71.5409448569329 33.597641970330926 11:15:25
 -55.671505  43.5256995  -5.6312305  1009.554248371302  75.08184275237788 33.72379441407576 11:15:27
 -56.50602  43.5257636  -5.631226  1009.5718364665369  80.52841989550319 33.57683882049858 11:15:30
 -58.39729  43.5258053  -5.6312193  1009.5511167837213  84.4011368303162 33.74996030239494 11:15:32
 -58.56368  43.5258451  -5.6312016  1009.5388790919147  88.73549258168127 33.852212608095705 11:15:35
 -59.203194  43.5258985  -5.6311591  1009.5266405779516  95.52207371569577 33.95447278708211 11:15:37
 -59.69475  43.5259316  -5.6311241  1009.5502552800992  100.16202783156203 33.7571585822026 11:15:40
 -61.288  43.5259836  -5.631077  1009.5244135493527  107.06105300505058 33.973081064597274 11:15:42
 -61.05273  43.5260193  -5.6310514  1009.512440945697  111.46868912489215 34.0731205523024 11:15:44
 -61.731922  43.5260678  -5.6310095  1009.5333690415544  117.80983768308194 33.898252283941986 11:15:47
 -63.20345  43.5260672  -5.6309987  1009.5205316157954  118.28370358124869 34.005517232663856 11:15:50
 -60.619465  43.5260657  -5.6309817  1009.5331029323771  118.99010882002028 33.900475786058124 11:15:53
 -59.7406  43.5260581  -5.6309753  1009.5194596506689  118.64498808981861 34.01447424070189 11:15:55
 -59.817413  43.5260581  -5.6309753  1009.5432376107875  118.64498808981861 33.815794791777215 11:15:57
 -60.157757  43.5260581  -5.6309753  1009.51454513174  118.64498808981861 34.05553853481655 11:16:00
 -59.287426  43.5259935  -5.6309744  1009.5164862778419  113.14979853140447 34.03931886191249 11:16:02
 -58.118526  43.5259519  -5.6309742  1009.5511219893808  109.69340388884322 33.749916806600716 11:16:04
 -57.937214  43.5259016  -5.630985  1009.538759398182  105.01248992898721 33.85321271669573 11:16:08
 -57.49789  43.5258425  -5.6310022  1009.5908144906159  99.37968714126661 33.418272138814594 11:16:10
 -58.520382  43.525806  -5.6310124  1009.5726312221041  95.99535704949382 33.57019836775865 11:16:12
 -58.032326  43.5257733  -5.6309935  1009.5853088585869  94.72903318538738 33.46427298069768 11:16:15
 -59.695236  43.5257543  -5.63092  1009.6121074243212  98.0355660712634 33.24036661485532 11:16:17
 -60.370037  43.5257375  -5.6308673  1009.6359963837484  100.38053596357406 33.04077453875793 11:16:19
 -61.01114  43.5257516  -5.6308299  1009.590472313559  103.7574209764801 33.42113110214778 11:16:21
 -57.366943  43.5257725  -5.6307967  1009.5785984351863  107.28638472555298 33.52034041063028 11:16:24
 -70.65045  43.5257682  -5.6308215  1009.5949583621332  105.3710551452164 33.38364925812515 11:16:26
 -70.57097  43.5258027  -5.6308404  1009.609520893323  106.41336541807519 33.26197729129416 11:16:28
 -58.36688  43.5258271  -5.6309088  1009.5826890051371  103.81768508113669 33.48616253967402 11:16:31
 -58.011284  43.5258152  -5.6309654  1009.5869560081676  99.49861909402979 33.45051063983186 11:16:33
 -57.43004  43.5258002  -5.6310215  1009.6069688341632  95.01769187129948 33.28329999665885 11:16:35
 -54.76741  43.5257841  -5.6310767  1009.5684283450003  90.54074515985934 33.60531488164757 11:16:38
 -52.98782  43.5257438  -5.6311382  1009.5760333717242  83.85338991044813 33.54177229983626 11:16:40
 -52.462345  43.5257041  -5.6311572  1009.6304958110616  79.71592859624081 33.0867314432644 11:16:42
 -52.046425  43.5256406  -5.6311702  1009.618091216983  74.32006680995059 33.19037171328394 11:16:45
 -52.22515  43.5255971  -5.6311725  1009.6228888206834  71.23273591690237 33.1502876559957 11:16:47
 -52.852345  43.5255316  -5.6311714  1009.6510410687579  67.29177091572001 32.9150782711854 11:16:50
 -60.393604  43.5254876  -5.6311673  1009.6465095265094  65.21056571310139 32.95293852186188 11:16:52
 -67.12229  43.5254236  -5.63115  1009.6952059549433  63.60161067238564 32.54609550077683 11:16:55
 -56.903687  43.5253815  -5.6311425  1009.7234926533631  62.67631415132682 32.30977651424578 11:16:57
 -59.284077  43.5253506  -5.6311141  1009.7420042308223  64.0179764365047 32.15512590515672 11:17:00
 -63.661194  43.5253275  -5.6310908  1009.7030719737066  65.33852173708658 32.48037893057252 11:17:02
 -55.4673  43.5253087  -5.631091  1009.7207531439433  64.97461793673092 32.332663294761275 11:17:05
 -55.819668  43.5252866  -5.6311023  1009.697401822584  63.74196798900693 32.52775010618779 11:17:07
 -58.37949  43.5252922  -5.6311102  1009.7125438296313  63.18314938433958 32.4012469609734 11:17:10
 -66.563034  43.5252841  -5.631132  1009.7018669489001  61.32492111935041 32.49044627063061 11:17:12
 -64.969894  43.5252781  -5.6311297  1009.7051827197994  61.436492478885114 32.46274479530556 11:17:14
