-57.69901 48.63142385909881 111000
-57.66524 48.63142385909881 111003
-51.894855 48.63142385909881 111005
-51.231937 51.45964482528314 111008
-51.48559 54.59015726829608 111010
-53.573013 55.03813438678503 111013
-53.75958 58.57778396648441 111015
-59.86124 59.19317932930691 111018
-52.75496 56.04290144408023 111020
-48.59778 54.07687729859449 111022
-46.897655 50.335833177606055 111025
-40.809643 49.05607326814491 111027
-52.790077 46.345852729120296 111030
-42.19918 44.20538903900178 111032
-44.90331 46.95538351939107 111035
-46.679043 50.49638010762812 111037
-48.2783 50.69127917095134 111039
-43.105347 48.97743187732238 111042
-38.99078 45.365589484244666 111044
-38.401752 41.46226320817606 111047
-46.39434 40.719940363495105 111049
-40.886658 40.980993145119896 111052
-39.386055 44.067055005840565 111054
-40.231453 42.467062537320466 111057
-45.012146 39.2620928958492 111059
-49.23785 38.04269308633392 111102
-53.843433 37.261245264860875 111104
-55.66088 37.60468715161396 111106
-58.233337 39.583887301549474 111109
-60.131504 42.493050733421434 111111
-58.453785 44.543815646396915 111114
-52.87712 43.043598876336866 111116
-49.66147 40.38634623772691 111119
-63.32771 35.58874593137472 111121
-53.032867 33.45564668673769 111124
-48.93255 29.255450587446404 111126
-45.588715 26.44031788685096 111129
-49.26717 24.027921607938044 111131
-44.05058 23.444854449088037 111133
-43.633526 23.33300805218161 111136
-37.2084 24.33672647298566 111138
-46.409252 27.199472221271854 111141
-46.630333 25.924782498648938 111143
-40.621746 26.109520284885487 111146
-52.32669 27.52606887962059 111148
-39.51759 28.095912003898537 111151
-34.581448 23.492663800143013 111153
-30.640232 19.45421369230979 111156
-38.731148 15.221363917808558 111158
-38.06817 15.44947988634215 111200
-31.400352 15.392664784238143 111203
-27.770323 13.871385448049331 111205
-30.13612 9.41436131123308 111208
-33.05092 6.916928211299285 111210
-18.082642 5.267543336830429 111213
-28.226421 3.436964786602921 111215
-31.814066 6.466476491678342 111218
-31.824154 12.085747289538507 111220
-31.08364 14.975706814386276 111223
-34.15334 19.886833935757057 111225
-37.438908 23.45741201634169 111228
-39.470234 29.14097630226065 111230
-44.386997 32.43011042136771 111233
-45.881824 36.737185301079506 111235
-47.811417 39.9806424160677 111237
-51.677864 45.51697168711505 111240
-50.24251 49.50227340490794 111242
-48.745632 45.515268164005434 111245
-50.968662 42.185123368454576 111247
-51.391026 37.39151163249111 111250
-54.848167 37.50848240758435 111252
-52.89533 38.78045214290775 111255
-48.265842 40.7542296607205 111257
-45.854286 42.58598506850182 111300
-43.62392 45.75707280852798 111302
-45.11743 48.692215887878106 111305
-44.35384 53.26697716237592 111307
-51.27011 57.41279789321432 111309
-50.821587 63.55604676504461 111312
-61.47659 66.0297086713844 111314
-59.99765 65.93789854344769 111317
-57.47192 65.81945580018767 111319
-56.614048 66.1198621659544 111322
-56.889668 67.20321519166237 111324
-69.38218 68.64159340553857 111327
-56.0738 66.92362318829633 111329
-69.11282 63.16126069115971 111332
-63.80248 61.94074787755234 111334
-64.09051 61.04089983011144 111336
-59.635727 61.60372627766537 111339
-57.01731 63.2183043248358 111341
-57.357723 67.05795926535829 111344
-57.531216 69.60090904396813 111346
-58.1762 73.80480144948277 111349
-58.11527 75.99511625537906 111351
-60.66475 78.59906781214468 111354
-60.736904 81.90709992795772 111356
-60.40444 84.18734673816441 111359
-62.438305 87.51980138738278 111401
-63.048367 88.92525904215046 111404
-59.738632 88.35254529760695 111406
-57.22859 87.57101644631888 111408
-62.915005 86.62862530222499 111411
-57.593025 87.64384543299866 111413
-57.694237 92.47640137970292 111416
-62.646694 95.86597031066194 111418
-59.22298 97.44734662714758 111421
-60.425014 101.91490203225561 111423
-61.356846 100.7367289107066 111426
-61.94245 107.50256932739073 111428
-65.25378 110.88595139125601 111431
-66.3702 110.80350440161342 111433
-59.432873 111.27366450773714 111436
-59.10767 106.77895747906352 111438
-58.0202 104.97132506622555 111440
-57.829082 105.08220153749194 111443
-57.746822 105.08220153749194 111445
-57.809116 105.08220153749194 111448
-60.671585 105.08220153749194 111450
-60.17926 105.08220153749194 111453
-59.550068 103.55216242409801 111455
-57.53089 97.33817234893704 111458
-57.884014 92.3938939928695 111500
-62.30822 87.88151974461721 111503
-63.990906 84.00140769774795 111505
-54.611496 81.97236808882204 111508
-54.01915 77.07833670626357 111510
-54.251686 73.65298160956401 111512
-51.3522 69.40812926648346 111515
-66.124535 65.98229477596047 111517
-63.698082 67.11105144974822 111520
-66.99664 68.52941891132666 111522
-54.357162 71.5409448569329 111525
-55.671505 75.08184275237788 111527
-56.50602 80.52841989550319 111530
-58.39729 84.4011368303162 111532
-58.56368 88.73549258168127 111535
-59.203194 95.52207371569577 111537
-59.69475 100.16202783156203 111540
-61.288 107.06105300505058 111542
-61.05273 111.46868912489215 111544
-61.731922 117.80983768308194 111547
-63.20345 118.28370358124869 111550
-60.619465 118.99010882002028 111553
-59.7406 118.64498808981861 111555
-59.817413 118.64498808981861 111557
-60.157757 118.64498808981861 111600
-59.287426 113.14979853140447 111602
-58.118526 109.69340388884322 111604
-57.937214 105.01248992898721 111608
-57.49789 99.37968714126661 111610
-58.520382 95.99535704949382 111612
-58.032326 94.72903318538738 111615
-59.695236 98.0355660712634 111617
-60.370037 100.38053596357406 111619
-61.01114 103.7574209764801 111621
-57.366943 107.28638472555298 111624
-70.65045 105.3710551452164 111626
-70.57097 106.41336541807519 111628
-58.36688 103.81768508113669 111631
-58.011284 99.49861909402979 111633
-57.43004 95.01769187129948 111635
-54.76741 90.54074515985934 111638
-52.98782 83.85338991044813 111640
-52.462345 79.71592859624081 111642
-52.046425 74.32006680995059 111645
-52.22515 71.23273591690237 111647
-52.852345 67.29177091572001 111650
-60.393604 65.21056571310139 111652
-67.12229 63.60161067238564 111655
-56.903687 62.67631415132682 111657
-59.284077 64.0179764365047 111700
-63.661194 65.33852173708658 111702
-55.4673 64.97461793673092 111705
-55.819668 63.74196798900693 111707
-58.37949 63.18314938433958 111710
-66.563034 61.32492111935041 111712
-64.969894 61.436492478885114 111714
