 -24.42665  43.5242621  -5.6355358  1009.8907016976088  4853530.93707731 -120992.6443371741 10:46:40
 -24.705198  43.5242612  -5.6355352  1009.8802918086012  4853530.8311941875 -120992.3199800279 10:46:42
 -24.986197  43.5242608  -5.635535  1009.8590545023388  4853530.784902841 -120991.65824776137 10:46:44
 -25.006538  43.5242609  -5.6355346  1009.9211702847356  4853530.791292906 -120993.59367890205 10:46:47
 -24.960793  43.5242608  -5.6355351  1009.9069103206334  4853530.786054567 -120993.14936913009 10:46:49
 -24.943323  43.5242614  -5.6355351  1009.9048231478404  4853530.852036407 -120993.0843368945 10:46:52
 -24.88979  43.5242617  -5.6355354  1009.8997169944884  4853530.888482508 -120992.92523865102 10:46:54
 -24.95686  43.5242612  -5.6355354  1009.9042900847578  4853530.833497643 -120993.06772767054 10:46:57
 -24.887638  43.524261  -5.6355339  1009.9298861960435  4853530.794227788 -120993.86524542705 10:46:59
 -24.913849  43.5242612  -5.6355331  1009.8994857549212  4853530.807007916 -120992.91803364067 10:47:01
 -25.247786  43.5242615  -5.6355298  1009.9070634761645  4853530.801991859 -120993.15414115359 10:47:04
 -25.16624  43.5242621  -5.635528  1009.8949797673658  4853530.847242629 -120992.77763488036 10:47:06
 -25.017216  43.5242622  -5.6355248  1009.9170308409355  4853530.821384384 -120993.46470327098 10:47:09
 -25.063686  43.5242621  -5.6355238  1009.9106683273176  4853530.798870158 -120993.26646101828 10:47:11
 -24.98319  43.524262  -5.6355228  1009.9046169717927  4853530.776355935 -120993.07791284486 10:47:14
 -25.086805  43.5242626  -5.6355208  1009.9151227879643  4853530.819303284 -120993.40525254654 10:47:16
 -25.11146  43.5242623  -5.6355205  1009.9269642254559  4853530.78285719 -120993.77420416611 10:47:19
 -25.001316  43.5242623  -5.635519  1009.9065470912158  4853530.765581327 -120993.13805161732 10:47:21
 -24.974184  43.5242625  -5.6355194  1009.9083910224434  4853530.792182172 -120993.19550484608 10:47:23
 -24.975702  43.5242627  -5.6355194  1009.9162896288814  4853530.814176117 -120993.44160874812 10:47:26
 -24.948439  43.5242629  -5.6355193  1009.8957496874547  4853530.835018341 -120992.80162429146 10:47:28
 -25.161898  43.5242633  -5.6355198  1009.9260285815743  4853530.884764856 -120993.74505180886 10:47:31
 -25.106628  43.5242632  -5.6355212  1009.8871597191438  4853530.889892024 -120992.53397453115 10:47:33
 -25.03596  43.5242632  -5.6355217  1009.9404697133941  4853530.895650646 -120994.19499944725 10:47:36
 -25.080889  43.5242635  -5.6355231  1009.8945000895447  4853530.944765713 -120992.76268892117 10:47:38
 -24.96614  43.5242639  -5.6355247  1009.852632056504  4853531.007181208 -120991.45812884266 10:47:41
 -25.010292  43.5242649  -5.6355265  1009.9161079258989  4853531.137881997 -120993.43594728429 10:47:43
 -24.997847  43.5242649  -5.6355266  1009.9255452994879  4853531.139033722 -120993.72999392163 10:47:45
 -24.92803  43.5242655  -5.6355271  1009.8997725768369  4853531.21077419 -120992.92697049714 10:47:48
 -25.057661  43.5242664  -5.6355274  1009.8789938817638  4853531.313202129 -120992.27953830747 10:47:50
 -24.918013  43.5242679  -5.635528  1009.9164406620949  4853531.485067082 -120993.44631460903 10:47:53
 -25.128843  43.5242695  -5.6355289  1009.8910975875036  4853531.6713841865 -120992.65667247951 10:47:55
 -25.261711  43.5242691  -5.6355286  1009.8979165857087  4853531.623941117 -120992.86914110598 10:47:58
 -25.180414  43.5242686  -5.6355291  1009.8997343677546  4853531.574714879 -120992.92577997077 10:48:00
 -25.205736  43.524268  -5.6355287  1009.8436308512838  4853531.504126135 -120991.17765585151 10:48:03
 -25.214155  43.5242669  -5.6355288  1009.861608606355  4853531.3843111545 -120991.73783156912 10:48:05
 -25.266964  43.5242665  -5.6355282  1009.8763068328827  4853531.333412907 -120992.19581320827 10:48:08
 -24.299398  43.5242658  -5.6355271  1009.8583371960939  4853531.243765112 -120991.63589705176 10:48:10
 -24.698841  43.5242648  -5.6355274  1009.8578901162239  4853531.137250554 -120991.62196638118 10:48:12
 -24.887869  43.5242651  -5.635527  1009.8625310028174  4853531.165634572 -120991.76657265403 10:48:15
 -24.868214  43.5242655  -5.635528  1009.8600549142197  4853531.221139722 -120991.68941980287 10:48:17
