-24.42665 4853530.93707731 104640
-24.705198 4853530.8311941875 104642
-24.986197 4853530.784902841 104644
-25.006538 4853530.791292906 104647
-24.960793 4853530.786054567 104649
-24.943323 4853530.852036407 104652
-24.88979 4853530.888482508 104654
-24.95686 4853530.833497643 104657
-24.887638 4853530.794227788 104659
-24.913849 4853530.807007916 104701
-25.247786 4853530.801991859 104704
-25.16624 4853530.847242629 104706
-25.017216 4853530.821384384 104709
-25.063686 4853530.798870158 104711
-24.98319 4853530.776355935 104714
-25.086805 4853530.819303284 104716
-25.11146 4853530.78285719 104719
-25.001316 4853530.765581327 104721
-24.974184 4853530.792182172 104723
-24.975702 4853530.814176117 104726
-24.948439 4853530.835018341 104728
-25.161898 4853530.884764856 104731
-25.106628 4853530.889892024 104733
-25.03596 4853530.895650646 104736
-25.080889 4853530.944765713 104738
-24.96614 4853531.007181208 104741
-25.010292 4853531.137881997 104743
-24.997847 4853531.139033722 104745
-24.92803 4853531.21077419 104748
-25.057661 4853531.313202129 104750
-24.918013 4853531.485067082 104753
-25.128843 4853531.6713841865 104755
-25.261711 4853531.623941117 104758
-25.180414 4853531.574714879 104800
-25.205736 4853531.504126135 104803
-25.214155 4853531.3843111545 104805
-25.266964 4853531.333412907 104808
-24.299398 4853531.243765112 104810
-24.698841 4853531.137250554 104812
-24.887869 4853531.165634572 104815
-24.868214 4853531.221139722 104817
