 -37.568707  43.481256  -5.2328267  1016.0725591249096  2.015179423654274 29.397548220408694 6.286 165414
 -36.045433  43.4812595  -5.2328247  1016.0517251798597  1.826617051621783 29.570526995970493 6.382 165416
 -34.271214  43.4812547  -5.2328214  1016.0888897353805  2.3957642951959115 29.261961457246258 6.119 165419
 -38.242264  43.4812492  -5.2328133  1016.089603190411  3.288977000769879 29.256037955394945 6.204 165422
 -38.35011  43.4812372  -5.2328054  1016.1095476598156  4.719869320176267 29.090449202158762 6.778 165425
 -44.58552  43.4812214  -5.2327886  1016.1143532772652  6.939950875144715 29.050551005886835 7.335 165428
 -38.51402  43.4812115  -5.2327657  1016.0870008684791  8.978657884945719 29.277643900711286 7.894 165431
 -40.868217  43.4811948  -5.2327477  1016.0488918171196  11.33108890125409 29.59405188471689 0.0 165434
 -44.74758  43.4811859  -5.232734  1016.0767683073833  12.808131725249492 29.362600832216536 8.85 165437
 -44.172077  43.4811679  -5.2327012  1016.0798647200864  16.08727927618588 29.336892461904696 9.378 165440
 -46.713493  43.4811513  -5.2326706  1016.0980234848766  19.145191390484886 29.18612822571569 9.91 165442
 -51.548447  43.4811297  -5.2326437  1016.0823414915526  22.37842962098484 29.31632878943868 10.544 165445
 -53.764454  43.4811089  -5.2326165  1016.065033623619  25.567875668196272 29.460030150391916 11.585 165448
 -51.909237  43.4810946  -5.2325889  1016.1072164100794  28.275914813803976 29.109804243425124 12.6 165451
 -60.859364  43.4810837  -5.2325585  1016.0557290063037  30.900125644881136 29.53728405332567 13.624 165454
 -55.873577  43.481067  -5.2325244  1016.0217170402273  34.19289976661033 29.819681747776116 14.432 165457
 -53.75342  43.4810518  -5.232491  1016.0364043748431  37.33964067672019 29.69773344989285 15.273 165500
 -61.991608  43.4810338  -5.2324594  1016.0486433311142  40.58227111833772 29.596115020766046 0.0 165503
 -59.76739  43.4810202  -5.2324377  1016.0079179035836  42.898521782637665 29.934256677195602 16.534 165506
 -63.16479  43.4809995  -5.2324043  1016.0128988970515  46.44684824426675 29.89289909120548 17.326 165509
 -64.80759  43.4809755  -5.2323705  1015.898994365808  50.258371373935695 30.838698549100265 18.071 165511
 -65.22543  43.4809598  -5.2323435  1016.0325362569615  53.051871765343876 29.72985012527608 18.837 165514
 -63.228672  43.4809402  -5.232308  1016.0292256776188  56.64991322179349 29.757337681102115 19.497 165517
 -73.629295  43.4809239  -5.2322694  1015.9794078089428  60.205032251537986 30.17098142579029 20.232 165520
 -68.12377  43.4809287  -5.2322354  1015.9994286728081  62.014790626088924 30.00474381566552 20.639 165523
 -70.45899  43.4809478  -5.2322209  1016.004237925263  61.6876787269474 29.96481193611104 21.046 165526
 -70.26059  43.4809577  -5.2322173  1015.977910632223  61.29394726856474 30.183412918036957 21.307 165529
 -71.06404  43.4809643  -5.232206  1016.0125942427562  61.64071641199613 29.895428655404707 21.3 165532
 -76.04617  43.4809658  -5.2321942  1015.3144468742128  62.3479548708532 35.69380510735526 20.824 165534
 -71.58846  43.4809669  -5.2321926  1016.030011551414  62.39042729182412 29.750812608206388 20.762 165537
 -67.88181  43.4809691  -5.2321935  1016.0150362352767  62.197144445975404 29.875152651805767 20.524 165540
 -69.04801  43.4809704  -5.2321896  1016.0259150985461  62.38576520795427 29.78482530720887 20.45 165543
 -59.40494  43.4809724  -5.2321893  1015.9306960368905  62.287718627469616 30.575456997748564 20.424 165546
 -75.64586  43.4809666  -5.2321995  1015.9904421072351  61.93992828706607 30.079360906393802 20.292 165549
 -72.748634  43.4809643  -5.2321993  1015.984761515485  62.09325949245834 30.126528170001492 19.896 165552
 -82.73376  43.4809629  -5.2321968  1015.995551902196  62.34769164870873 30.036933282615685 19.789 165555
 -75.716446  43.4809644  -5.2321941  1015.9892286379247  62.439411497951276 30.0894366040445 19.62 165558
 -75.815994  43.4809723  -5.2321925  1015.9702989365167  62.074637675916236 30.246615263073764 20.404 165601
 -75.44341  43.480979  -5.2321901  1015.9575451765818  61.84541558184421 30.35251467216298 21.384 165603
 -77.51563  43.4809808  -5.2321896  1016.0023923529438  61.775327235966195 29.98013595688905 21.655 165606
 -70.200195  43.4809881  -5.2322005  1016.03275287266  60.60036919908798 29.72805157972833 21.587 165609
 -65.55846  43.4810003  -5.2322267  1015.9920876091277  58.08516554220933 30.065697964507255 21.854 165612
 -69.12261  43.4810203  -5.2322681  1016.0162145960556  54.06956379689786 29.865368668966735 22.004 165615
 -63.027706  43.4810383  -5.2323047  1016.0010839071722  50.50191477673668 29.991000161545976 22.276 165618
 -60.65935  43.481072  -5.2323639  1016.0822728504927  44.47796824383101 29.31689868898107 22.726 165621
 -61.064743  43.4811015  -5.2324019  1016.0507444481761  40.20358484515068 29.578669824412053 23.395 165624
 -56.17117  43.4811313  -5.2324527  1016.0381337298408  35.03667595954732 29.68337478480216 24.183 165627
 -52.803513  43.4811423  -5.2324982  1016.0362410643859  31.199308518268303 29.699089401646358 24.852 165630
 -49.37053  43.4811628  -5.2325542  1016.0527928727586  26.128792295348397 29.561662152348838 24.868 165632
 -46.074627  43.4811807  -5.2326122  1016.0413601787338  21.050831679629383 29.656585948688104 24.712 165635
 -41.320942  43.4812087  -5.2326595  1016.035204837581  16.23113841024115 29.70769310186832 24.877 165638
 -43.35524  43.4812398  -5.2327001  1016.0403321944597  11.915749867167094 29.66512117705768 25.553 165641
 -37.59216  43.4812591  -5.2327393  1016.0642108563042  8.337744456177365 29.46686135788094 26.362 165644
 -39.53026  43.4812683  -5.232749  1016.0231539195208  7.456219487866512 29.80775133876029 27.309 165647
 -38.901535  43.4812609  -5.2327494  1016.0728964830296  7.49977850046329 29.39474724814407 25.593 165650
 -38.808727  43.48126  -5.2327482  1016.0743904371546  7.610946570486099 29.382343452980724 25.689 165653
 -42.687828  43.4812505  -5.2327341  1016.0734374242212  8.945466028215064 29.39025599491798 25.497 165656
 -43.81933  43.4812359  -5.2326931  1016.0634233615144  12.585637000729157 29.473399711626836 25.427 165659
 -45.48761  43.4812061  -5.2326539  1016.0425163881736  16.764151240638128 29.646986090729953 25.325 165701
 -49.136677  43.4811737  -5.2326073  1016.0374677611561  21.775030199327528 29.688904255189186 25.303 165704
 -49.43838  43.4811311  -5.2325567  1015.579346648581  27.75409383257093 33.49333289434532 25.487 165707
 -60.65493  43.481092  -5.2325076  1016.0308185807417  33.504944529302556 29.744111886175688 25.483 165710
 -63.96414  43.4810596  -5.2324555  1016.0454564207628  39.035489811827894 29.622575418898897 25.139 165713
 -63.94127  43.4810187  -5.2323999  1016.0369266235322  45.37123849007178 29.69339726812035 0.0 165716
 -60.531483  43.4810079  -5.2323835  1016.0362270497035  47.155933458419995 29.69920576427383 24.817 165719
 -67.0352  43.4810616  -5.2324076  1016.0337840004129  42.073593589223584 29.719490199737525 23.432 165721
 -55.054916  43.4811053  -5.2324748  1016.0667406530384  34.87534401950011 29.445857175621043 22.636 165724
 -49.55758  43.4811401  -5.2325539  1016.0205394189168  27.399367855283035 29.829459547890757 22.122 165727
 -43.25501  43.4811814  -5.232621  1016.0634233615144  20.389349319234512 29.473399711626836 21.847 165730
 -42.5395  43.4812113  -5.2326953  1016.0898250221497  13.521568812325292 29.25419618518002 21.356 165733
 -33.961494  43.4812428  -5.2327428  1016.0921059241842  8.539430344130706 29.23525888943957 21.483 165736
 -33.8101  43.4812518  -5.2327445  1016.1196336421833  8.095177699819843 29.006711438654854 21.184 165739
 -33.82896  43.4812577  -5.2327433  1016.0942595301537  8.044934004303942 29.217378506819593 20.684 165742
 -33.754894  43.481259  -5.232743  1016.1026151970567  8.04400716793616 29.148005604911297 19.802 165745
 -31.394562  43.4812575  -5.2327481  1016.1045025384253  7.667586964981593 29.132336022246125 19.59 165748
 -31.35191  43.4812615  -5.2327545  1016.0857328396764  7.081866884994726 29.288171807689956 19.443 165750
 -31.355059  43.4812626  -5.2327593  1016.0746973145145  6.680172259075005 29.379795556017726 19.416 165753
 -31.314117  43.4812605  -5.2327569  1016.075801654722  6.90737399847381 29.370626604997813 19.348 165756
 -31.280407  43.4812549  -5.232749  1016.0701164004698  7.657589649438675 29.41782937144001 19.307 165759
 -31.401474  43.4812557  -5.2327482  1016.0840606151276  7.700729019137576 29.302055597302097 19.228 165802
 -31.311255  43.4812561  -5.2327452  1016.0993219789987  7.928507112410362 29.175347483797413 19.185 165805
