-37.568707 2.015179423654274 165414
-36.045433 1.826617051621783 165416
-34.271214 2.3957642951959115 165419
-38.242264 3.288977000769879 165422
-38.35011 4.719869320176267 165425
-44.58552 6.939950875144715 165428
-38.51402 8.978657884945719 165431
-40.868217 11.33108890125409 165434
-44.74758 12.808131725249492 165437
-44.172077 16.08727927618588 165440
-46.713493 19.145191390484886 165442
-51.548447 22.37842962098484 165445
-53.764454 25.567875668196272 165448
-51.909237 28.275914813803976 165451
-60.859364 30.900125644881136 165454
-55.873577 34.19289976661033 165457
-53.75342 37.33964067672019 165500
-61.991608 40.58227111833772 165503
-59.76739 42.898521782637665 165506
-63.16479 46.44684824426675 165509
-64.80759 50.258371373935695 165511
-65.22543 53.051871765343876 165514
-63.228672 56.64991322179349 165517
-73.629295 60.205032251537986 165520
-68.12377 62.014790626088924 165523
-70.45899 61.6876787269474 165526
-70.26059 61.29394726856474 165529
-71.06404 61.64071641199613 165532
-76.04617 62.3479548708532 165534
-71.58846 62.39042729182412 165537
-67.88181 62.197144445975404 165540
-69.04801 62.38576520795427 165543
-59.40494 62.287718627469616 165546
-75.64586 61.93992828706607 165549
-72.748634 62.09325949245834 165552
-82.73376 62.34769164870873 165555
-75.716446 62.439411497951276 165558
-75.815994 62.074637675916236 165601
-75.44341 61.84541558184421 165603
-77.51563 61.775327235966195 165606
-70.200195 60.60036919908798 165609
-65.55846 58.08516554220933 165612
-69.12261 54.06956379689786 165615
-63.027706 50.50191477673668 165618
-60.65935 44.47796824383101 165621
-61.064743 40.20358484515068 165624
-56.17117 35.03667595954732 165627
-52.803513 31.199308518268303 165630
-49.37053 26.128792295348397 165632
-46.074627 21.050831679629383 165635
-41.320942 16.23113841024115 165638
-43.35524 11.915749867167094 165641
-37.59216 8.337744456177365 165644
-39.53026 7.456219487866512 165647
-38.901535 7.49977850046329 165650
-38.808727 7.610946570486099 165653
-42.687828 8.945466028215064 165656
-43.81933 12.585637000729157 165659
-45.48761 16.764151240638128 165701
-49.136677 21.775030199327528 165704
-49.43838 27.75409383257093 165707
-60.65493 33.504944529302556 165710
-63.96414 39.035489811827894 165713
-63.94127 45.37123849007178 165716
-60.531483 47.155933458419995 165719
-67.0352 42.073593589223584 165721
-55.054916 34.87534401950011 165724
-49.55758 27.399367855283035 165727
-43.25501 20.389349319234512 165730
-42.5395 13.521568812325292 165733
-33.961494 8.539430344130706 165736
-33.8101 8.095177699819843 165739
-33.82896 8.044934004303942 165742
-33.754894 8.04400716793616 165745
-31.394562 7.667586964981593 165748
-31.35191 7.081866884994726 165750
-31.355059 6.680172259075005 165753
-31.314117 6.90737399847381 165756
-31.280407 7.657589649438675 165759
-31.401474 7.700729019137576 165802
-31.311255 7.928507112410362 165805
