 -29.0125  43.5252204  -5.6318855  1009.8259696833887  0.0 31.453685149997348 11:02:46
 -36.087906  43.5252204  -5.6318855  1009.8293211082167  0.0 31.425688591942837 11:02:49
 -23.199059  43.5252204  -5.6318855  1009.8365675481209  0.0 31.365154782024756 11:02:51
 -22.99486  43.5252204  -5.6318855  1009.8418489990752  0.0 31.321035911698033 11:02:54
 -21.619581  43.5252204  -5.6318855  1009.8389045032117  0.0 31.34563288525667 11:02:56
 -21.836702  43.5252204  -5.6318855  1009.8363859779879  0.0 31.36667154072384 11:02:59
 -21.023634  43.5252204  -5.6318855  1009.8637916836274  0.0 31.137738576015124 11:03:01
 -25.070791  43.5252317  -5.6318598  1009.8279472837071  2.427525711540466 31.437165002459896 11:03:03
 -33.169853  43.5252386  -5.6318374  1009.8858080877093  4.382874593655671 30.953828668269207 11:03:06
 -31.443443  43.525243  -5.6318199  1009.8772715256641  5.867686863805265 31.0251368550352 11:03:08
