-85.68509 0
-85.63778 0
-85.72826 0
-85.54112 0
-85.609474 0
-85.66501 0
-85.621605 0
-85.63472 0
-85.60726 0
-85.65218 0
-85.67674 0
-85.71438 0
-85.535164 0
-85.67619 0
-85.63354 0
-85.69417 0
-85.55778 0
-85.654915 0
-85.68948 0
-85.67989 0
-85.63584 0
-85.54981 0
-85.58275 0
-85.58637 0
-85.58944 0
-85.72524 0
-85.63523 0
-85.564285 0
-85.55849 0
-85.60005 0
-85.67862 0
-85.69297 0
-85.57637 0
-85.600365 0
-85.63638 0
-85.65586 0
-85.66456 0
-85.60844 0
-85.698006 0
-85.69579 0
-85.5806 0
-85.55508 0
-85.63293 0
-85.60387 0
-85.66442 0
-85.7105 0
-85.67473 0
-85.680916 0
-85.75717 0
-85.618935 0
-85.66665 0
-85.59833 0
-85.62374 0
-85.727325 0
-85.60799 0
-85.6232 0
-85.6079 0
-85.62339 0
-85.62274 0
-85.61267 0
-85.6469 0
-85.59671 0
-85.61872 0
-85.596405 0
-85.715996 0
-85.63397 0
-85.66091 0
-85.69988 0
-85.60981 0
-85.61291 0
-85.624626 0
-85.66525 0
-85.58438 0
-85.52583 0
-85.53529 0
-85.5955 0
-85.65744 0
-85.59507 0
-85.7146 0
-85.581154 0
-85.586 0
-85.595985 0
-85.55235 0
-85.611984 0
-85.695366 0
-85.68412 0
-85.67941 0
-85.49984 0
-85.52348 0
-85.62679 0
-85.57908 0
-85.62427 0
-85.58622 0
-85.5967 0
-85.64362 0
-85.60751 0
-85.52021 0
