 -4.780615  43.5221486  -5.6309193  1009.8941182899435  0.0 30.884411794380394 11:32:26
 -4.7784314  43.5221486  -5.6309193  1009.8974467757064  0.0 30.856608379748145 11:32:28
 -5.953141  43.5221486  -5.6309193  1009.9015060350886  0.0 30.822700787680464 11:32:31
 -13.298569  43.5221486  -5.6309193  1009.8603057069854  0.0 31.166858326668084 11:32:33
 -16.859154  43.5221486  -5.6309193  1009.8323104114821  0.0 31.40071712638091 11:32:36
 -19.815062  43.5221486  -5.6309193  1009.8398689392474  0.0 31.33757642072 11:32:38
 -26.275347  43.5220661  -5.6309056  1009.8431620843317  9.232668806194289 31.31006701593879 11:32:41
 -30.09436  43.5220545  -5.630913  1009.8436544339169  10.467183925280853 31.30595416237785 11:32:43
 -31.73512  43.5220343  -5.6309231  1009.8068072689317  12.702778796902399 31.613762286948408 11:32:46
 -34.691326  43.5220215  -5.6309307  1009.8200760941726  14.151225787050763 31.502918187489232 11:32:48
 -38.576454  43.5219983  -5.630946  1009.8125563739096  16.837710560817925 31.565735707835362 11:32:51
 -43.21315  43.5219797  -5.6309613  1009.7982173270095  19.070023684223766 31.68552091694904 11:32:53
 -39.648724  43.5219621  -5.630966  1009.7491879352809  21.061862119465268 32.09511195837215 11:32:56
 -42.969234  43.5219312  -5.6309726  1009.7534134764692  24.535150730559913 32.05981119601558 11:32:58
 -41.845142  43.52191  -5.6309841  1009.7109695725712  27.02186917620135 32.41439894178295 11:33:01
 -35.286034  43.5218855  -5.6310017  1009.6758963791697  29.980685057281498 32.70741890430435 11:33:03
 -34.411106  43.5218673  -5.6310097  1009.6310027329957  32.09643553184214 33.08249613706997 11:33:05
 -32.235565  43.5218399  -5.631012  1009.5773719062719  35.1067602771414 33.53058842908275 11:33:08
 -34.486336  43.5218206  -5.6310214  1009.5482951390003  37.36493687141519 33.77353652850629 11:33:10
 -33.77074  43.5217938  -5.6310265  1009.4743219828299  40.36082634293337 34.391637579483685 11:33:13
 -33.40053  43.5217968  -5.6310305  1009.4638815461776  40.106606652563784 34.478878190386176 11:33:15
 -30.795742  43.5217973  -5.631029  1009.4840283072409  40.025424582306606 34.31053188845977 11:33:18
 -29.670902  43.5217973  -5.631029  1009.4984519224873  40.025424582306606 34.19000985442975 11:33:20
 -30.257914  43.5217973  -5.631029  1009.5216144660575  40.025424582306606 33.99646927962906 11:33:23
 -35.744  43.5217973  -5.631029  1009.5249400604528  40.025424582306606 33.96868171770772 11:33:25
 -35.990353  43.5217973  -5.631029  1009.5042521866951  40.025424582306606 34.141543921409266 11:33:28
 -36.871906  43.5217973  -5.631029  1009.5097806781353  40.025424582306606 34.09534908115478 11:33:30
 -36.95858  43.5217973  -5.631029  1009.5261381896797  40.025424582306606 33.95867056609661 11:33:32
 -36.696823  43.5217973  -5.631029  1009.4915625540702  40.025424582306606 34.24757643338681 11:33:35
 -37.05664  43.5217973  -5.631029  1009.4823191367236  40.025424582306606 34.324813608851 11:33:37
 -36.943314  43.5217973  -5.631029  1009.5245477829944  40.025424582306606 33.97195945396948 11:33:40
 -37.476326  43.5217973  -5.631029  1009.460231675962  40.025424582306606 34.50937679090403 11:33:42
 -37.73254  43.5217973  -5.631029  1009.4962295304736  40.025424582306606 34.208579810066304 11:33:45
 -42.157597  43.5217973  -5.631029  1009.5104627336432  40.025424582306606 34.089649991791916 11:33:47
 -41.295204  43.5217973  -5.631029  1009.5135136479184  40.025424582306606 34.06415733487464 11:33:50
 -34.548935  43.5218891  -5.6309844  1009.6587392885336  29.307665802597903 32.85076129360337 11:35:03
 -37.525253  43.5218891  -5.6309844  1009.6327776951003  29.307665802597903 33.0676664352747 11:35:06
 -36.38111  43.5218891  -5.6309844  1009.6238683844967  29.307665802597903 33.14210340329382 11:35:08
 -33.8061  43.5218891  -5.6309844  1009.6092937090593  29.307665802597903 33.26387543640175 11:35:11
 -31.465107  43.5218174  -5.6310237  1009.555754742792  37.752901183117515 33.7112079946183 11:35:13
 -33.63091  43.5217996  -5.6310326  1009.5074622703739  39.84218642354472 34.11472115388925 11:35:15
 -31.159796  43.5217811  -5.6310374  1009.4107998932783  41.93185835840497 34.92244142050095 11:35:18
 -31.762949  43.5217694  -5.6310379  1009.3324629210505  43.20758128126196 35.57707875941665 11:35:20
 -34.110382  43.5217484  -5.6310455  1009.292344964755  45.61899389424939 35.91234778038924 11:35:23
 -43.97916  43.5217333  -5.6310452  1009.2469239122848  47.25040906861481 36.29194823156581 11:35:25
 -34.50102  43.5217301  -5.6310495  1009.1751662239781  47.67320543906095 36.891681830947405 11:35:28
 -36.402515  43.5217301  -5.6310495  1009.230267919258  47.67320543906095 36.431151961283646 11:35:30
 -32.047264  43.5217547  -5.6310246  1009.3351926279669  44.58378047774297 35.55426676895534 11:35:33
 -28.319668  43.5217686  -5.6310221  1009.3408281033271  43.029379480900275 35.507171610840935 11:35:35
 -29.454262  43.5217791  -5.6310218  1009.4339191229066  41.88056649165022 34.729249180944144 11:35:38
 -30.11382  43.5217945  -5.6310153  1009.4783257204103  40.099817364096715 34.35818241849242 11:35:40
 -31.693275  43.5218156  -5.6310036  1009.5822108727982  37.619782956516836 33.49015746505044 11:35:42
 -35.722576  43.5218502  -5.6309883  1009.6550638663773  33.619159974343724 32.88146860906264 11:35:45
 -34.8964  43.521863  -5.6309845  1009.6804303392823  32.165849384834715 32.669539345537075 11:35:47
 -40.0086  43.5218863  -5.630974  1009.7123740332896  29.475930162258138 32.40266550755632 11:35:50
 -41.40757  43.5219053  -5.6309681  1009.7921589508172  27.317742285666835 31.736131658287224 11:35:52
 -40.295174  43.5219323  -5.630971  1009.8327161623587  24.392348027138254 31.397327647513553 11:35:55
 -46.351967  43.5219324  -5.63099  1009.8060917168342  24.69116318034178 31.61973984495542 11:35:57
 -39.17212  43.5219043  -5.6309988  1009.774145713131  27.893065067593845 31.886612923023485 11:36:00
 -35.06695  43.5218863  -5.6310029  1009.7094380582706  29.915800732422532 32.42719384820752 11:36:02
 -36.368675  43.5218742  -5.6310165  1009.6400598161356  31.48315349464047 33.006824972296315 11:36:05
 -34.05597  43.5218519  -5.6310281  1009.5724990377456  34.117644254457566 33.571302812686106 11:36:07
 -34.820698  43.5218373  -5.631034  1009.5568479683382  35.807913852968284 33.70207360709768 11:36:10
 -31.208714  43.5218344  -5.6310314  1009.5679315272679  36.06582203309513 33.60946597606745 11:36:12
 -32.561157  43.5218316  -5.6310322  1009.5955766972497  36.3831842180602 33.37848295362037 11:36:14
 -35.118908  43.5218316  -5.6310322  1009.5806237014632  36.3831842180602 33.50341872303485 11:36:17
 -33.48298  43.5218316  -5.6310322  1009.581919866742  36.3831842180602 33.49258890033346 11:36:19
 -35.229668  43.5218316  -5.6310322  1009.6051276038804  36.3831842180602 33.29868368392777 11:36:22
 -42.074356  43.5218316  -5.6310322  1009.6078479104415  36.3831842180602 33.27595522294226 11:36:24
 -44.731087  43.5218316  -5.6310322  1009.6006510496841  36.3831842180602 33.33608589531383 11:36:27
 -45.2396  43.5218316  -5.6310322  1009.5832960926859  36.3831842180602 33.48109016074749 11:36:29
 -46.2552  43.5218316  -5.6310322  1009.6166043967321  36.3831842180602 33.20279415207034 11:36:32
 -46.05793  43.5218316  -5.6310322  1009.6370421128806  36.3831842180602 33.03203756709205 11:36:34
 -44.91603  43.5218316  -5.6310322  1009.6229471270262  36.3831842180602 33.14980050649727 11:36:37
 -40.86341  43.5218316  -5.6310322  1009.6368531939698  36.3831842180602 33.033615966845296 11:36:39
 -41.77552  43.5218316  -5.6310322  1009.6482280826028  36.3831842180602 32.93858026714068 11:36:42
 -42.711132  43.5218316  -5.6310322  1009.6101087125485  36.3831842180602 33.257066010018455 11:36:44
 -35.716957  43.5218316  -5.6310322  1009.6412494338068  36.3831842180602 32.99688585795502 11:36:46
 -36.29147  43.5218316  -5.6310322  1009.6247971342173  36.3831842180602 33.1343437081204 11:36:49
 -43.175594  43.5218316  -5.6310322  1009.644679002573  36.3831842180602 32.96823227133839 11:36:51
 -35.28556  43.5218316  -5.6310322  1009.6143783831972  36.3831842180602 33.22139260607402 11:36:54
 -36.04205  43.5218316  -5.6310322  1009.6372721833848  36.3831842180602 33.03011534996859 11:36:56
 -47.747814  43.5218316  -5.6310322  1009.5919398212728  36.3831842180602 33.40886976326631 11:36:59
 -41.605736  43.5218316  -5.6310322  1009.6344266336703  36.3831842180602 33.05388967146265 11:37:01
 -33.409977  43.5218316  -5.6310322  1009.5947867816773  36.3831842180602 33.385082845091056 11:37:04
 -32.069275  43.5218316  -5.6310322  1009.5936022435416  36.3831842180602 33.39497988927848 11:37:06
 -41.069916  43.5218316  -5.6310322  1009.6123659310858  36.3831842180602 33.238206772321426 11:37:09
 -45.804703  43.5218316  -5.6310322  1009.6140284016063  36.3831842180602 33.22431672272532 11:37:11
 -32.970146  43.5218316  -5.6310322  1009.586311254646  36.3831842180602 33.45589771231232 11:37:13
 -32.161972  43.5218316  -5.6310322  1009.5597114310845  36.3831842180602 33.678148135390636 11:37:16
 -31.669575  43.5218056  -5.6310339  1009.5291494533063  39.21842200423603 33.933509535769005 11:37:18
 -32.844822  43.5217801  -5.6310423  1009.4460062491178  42.13179012027633 34.62824642056282 11:37:21
 -34.572533  43.5217663  -5.6310446  1009.3973493419483  43.66595662561174 35.034840505166706 11:37:23
 -32.578545  43.5217441  -5.6310535  1009.3579942888126  46.232254594231684 35.36371666264648 11:37:26
 -34.32681  43.5217335  -5.6310597  1009.3150136374811  47.495157965103765 35.722902514287654 11:37:28
 -33.21697  43.5217183  -5.631063  1009.2375367042151  49.19895919293365 36.37040230888679 11:37:31
 -32.551567  43.5217145  -5.6310635  1009.2879518164015  49.618792885191816 35.94906233369166 11:37:33
 -32.538025  43.5217148  -5.6310616  1009.2358749443279  49.550505555489885 36.3842906147091 11:37:36
 -33.045174  43.5217148  -5.6310616  1009.2542626472199  49.550505555489885 36.230614786015174 11:37:38
 -33.474453  43.5217148  -5.6310616  1009.2993628429642  49.550505555489885 35.85369802319796 11:37:40
 -35.782516  43.5217148  -5.6310616  1009.286425764953  49.550505555489885 35.96181592764556 11:37:43
 -36.426453  43.5217148  -5.6310616  1009.3026670006128  49.550505555489885 35.82608465692472 11:37:45
 -37.361217  43.5217148  -5.6310616  1009.2723046119377  49.550505555489885 36.07983067889907 11:37:48
 -35.345768  43.5217148  -5.6310616  1009.253096103495  49.550505555489885 36.2403641460248 11:37:50
 -39.944416  43.5217148  -5.6310616  1009.3051882900334  49.550505555489885 35.80501389306344 11:37:53
 -39.642796  43.5217148  -5.6310616  1009.255235244152  49.550505555489885 36.22248633845477 11:37:55
 -36.37959  43.5217148  -5.6310616  1009.2514305816651  49.550505555489885 36.25428371888067 11:37:58
 -38.18801  43.5217148  -5.6310616  1009.2524561324352  49.550505555489885 36.24571269203004 11:38:00
 -40.304993  43.5216894  -5.6310474  1009.1834810009486  52.05901612979451 36.82218714469253 11:38:03
 -49.28223  43.5216603  -5.6310745  1009.1854262733045  55.68367041865435 36.80592867665685 11:38:05
 -51.4524  43.5216434  -5.6310776  1009.1520504873338  57.56977251100614 37.084884983219126 11:38:07
 -46.045555  43.521638  -5.6310683  1009.1788268518851  57.99403993560275 36.86108634248473 11:38:10
 -42.692257  43.5216425  -5.6310562  1009.192635249812  57.30813222493928 36.745676710722506 11:38:12
 -40.357365  43.5216648  -5.6310426  1009.2321492497081  54.66812621095672 36.41542850563559 11:38:15
 -30.415337  43.5216841  -5.6310396  1009.304520285068  52.51578481542115 35.81059649865811 11:38:17
 -30.61726  43.521718  -5.6310284  1009.3544253307655  48.6472341428215 35.39354168695874 11:38:20
 -29.53601  43.5217386  -5.6310178  1009.4166400694234  46.24304467070907 34.873638560450225 11:38:22
 -29.067636  43.521759  -5.6310069  1009.4699104825698  43.86125090854114 34.42850012268501 11:38:25
 -28.610863  43.5217826  -5.6309954  1009.5386607221376  41.126473013880315 33.85403721073023 11:38:27
 -30.972704  43.5218015  -5.6309911  1009.6289544760147  38.99826206419192 33.09960922738004 11:38:30
 -36.881317  43.5218454  -5.630971  1009.732498299143  33.94472773628196 32.234540683239025 11:38:32
 -39.378323  43.5218724  -5.6309697  1009.8093057188603  30.95597102274797 31.592890836521242 11:38:35
 -39.0591  43.5219177  -5.6309494  1009.8253831941855  25.768825143741946 31.458584470671695 11:38:37
 -31.804928  43.5219529  -5.6309287  1009.8491934353775  21.756117511133688 31.259684098445053 11:38:39
 -24.986557  43.521992  -5.6308886  1009.8333177207501  17.574859985004174 31.39230247382 11:38:42
 -15.688723  43.5220165  -5.630875  1009.8572923656147  15.107373700291545 31.192030032331097 11:38:44
 -17.625395  43.5220467  -5.6308725  1009.8757629634831  11.936908966433366 31.037738329300907 11:38:47
 -25.638544  43.5220624  -5.6308767  1009.9126376082079  10.177526485066918 30.729717682552703 11:38:49
 -12.853499  43.522074  -5.6308757  1009.8626192498118  9.00670406483973 31.147532373334474 11:38:52
 -13.369622  43.522074  -5.6308757  1009.8650559597373  9.00670406483973 31.127177594474464 11:38:54
 -13.535475  43.522074  -5.6308757  1009.863934490745  9.00670406483973 31.13654565304242 11:38:57
 -14.048046  43.522074  -5.6308757  1009.8633820814473  9.00670406483973 31.14116014186755 11:38:59

