 -37.03858  43.5243558  -5.6353546  1023.0879170506116  910471.7249876438
 -37.544666  43.5243581  -5.6353572  1023.0641835655704  910471.917374425
 -37.01393  43.5243586  -5.6353571  1023.0592713594818  910471.9055424419
 -48.39616  43.5243599  -5.635356  1023.0649615603755  910471.8070264539
 -45.422894  43.5243621  -5.6353582  1023.0807104410374  910471.9679033208
 -49.7271  43.5243494  -5.6353651  1023.1015804022907  910472.6201057375
 -47.323624  43.5243597  -5.6353818  1023.0919337153406  910473.8895132004
 -60.538837  43.5243839  -5.6353819  1023.0794357693796  910473.7153004251
 -58.121086  43.5243845  -5.6354057  1023.0388041555376  910475.6304447884
 -53.007233  43.5243594  -5.6354231  1023.0954617611341  910477.222954479
 -61.68872  43.5243307  -5.6354403  1023.0850615238257  910478.8264594161
 -56.48587  43.524347  -5.6354552  1023.0486677806543  910479.9054836887
 -66.71812  43.5243853  -5.6354471  1023.0577975487824  910478.9636658203
 -68.356064  43.5243958  -5.6354707  1023.08689768045  910480.7881118936
 -64.557076  43.5243852  -5.6354987  1023.0175167605512  910483.1263785312
 -61.738003  43.5243618  -5.6354953  1023.1025031054205  910483.0283949868
 -68.08175  43.5243413  -5.6355077  1023.1009660300276  910484.1829728204
 -71.58601  43.5243749  -5.6355288  1023.0386596701344  910485.6317694605
 -71.27721  43.524406  -5.6355549  1023.0197204540696  910487.5027003604
 -69.10427  43.5243904  -5.6355808  1023.0538235449854  910489.709243944
 -75.80148  43.5243705  -5.6356069  1023.0457212364822  910491.9643118773
 -72.4542  43.524378  -5.6356199  1023.050408866992  910492.9563753874
 -77.93805  43.5244143  -5.6356271  1023.0543291175335  910493.2637019242
 -73.41545  43.5244122  -5.6356632  1023.088152616398  910496.1912762994
 -78.2432  43.5243724  -5.6356729  1022.9920249136624  910497.2734372333
 -75.68113  43.5243725  -5.6357072  1023.1229147446202  910500.039257901
 -76.80903  43.5243887  -5.6357022  1023.0985361433849  910499.5139444784
 -67.63899  43.5243723  -5.6356463  1023.0690965793499  910495.1286841461
 -75.22153  43.5243584  -5.6356136  1023.0846185963  910492.5958637481
 -70.61169  43.5243934  -5.6356044  1023.0889773362787  910491.5901794778
 -72.38503  43.5243952  -5.635574  1023.1198700022395  910489.1246150095
 -70.49626  43.5243568  -5.6355675  1023.1034949204483  910488.8895752878
 -73.404175  43.5243692  -5.6355303  1023.0999566613075  910485.7956905972
 -69.08789  43.5244067  -5.635511  1023.113429685786  910483.9565368949
 -60.580013  43.5244106  -5.635473  1023.1250202484209  910480.8621547396
 -54.1192  43.5243688  -5.635482  1023.0951231700108  910481.9029153658
 -62.09672  43.5243713  -5.6354456  1023.0928980011017  910478.9481284252
 -50.821693  43.524409  -5.6354159  1023.1119051847484  910476.2686271328
 -53.34981  43.5243907  -5.6354176  1023.1176652130785  910476.5435782562
 -46.365345  43.5243583  -5.6354249  1023.093071306062  910477.3764247607
 -42.551434  43.5243579  -5.6353717  1023.090501349147  910473.0884240954
 -52.09786  43.5243595  -5.6353469  1023.1367201507194  910471.0760502042
