-37.03858 910471.7249876438
-37.544666 910471.917374425
-37.01393 910471.9055424419
-48.39616 910471.8070264539
-45.422894 910471.9679033208
-49.7271 910472.6201057375
-47.323624 910473.8895132004
-60.538837 910473.7153004251
-58.121086 910475.6304447884
-53.007233 910477.222954479
-61.68872 910478.8264594161
-56.48587 910479.9054836887
-66.71812 910478.9636658203
-68.356064 910480.7881118936
-64.557076 910483.1263785312
-61.738003 910483.0283949868
-68.08175 910484.1829728204
-71.58601 910485.6317694605
-71.27721 910487.5027003604
-69.10427 910489.709243944
-75.80148 910491.9643118773
-72.4542 910492.9563753874
-77.93805 910493.2637019242
-73.41545 910496.1912762994
-78.2432 910497.2734372333
-75.68113 910500.039257901
-76.80903 910499.5139444784
-67.63899 910495.1286841461
-75.22153 910492.5958637481
-70.61169 910491.5901794778
-72.38503 910489.1246150095
-70.49626 910488.8895752878
-73.404175 910485.7956905972
-69.08789 910483.9565368949
-60.580013 910480.8621547396
-54.1192 910481.9029153658
-62.09672 910478.9481284252
-50.821693 910476.2686271328
-53.34981 910476.5435782562
-46.365345 910477.3764247607
-42.551434 910473.0884240954
-52.09786 910471.0760502042
