 -7.06717  43.5250459  -5.6364629  1019.7041401422482  2.438272258506547 14.22954260372416 15:44:02
 -6.994913  43.5250479  -5.6364589  1019.698760417463  2.4872944037041878 14.274064924740298 15:44:05
 -6.60365  43.5250488  -5.636459  1019.674895327481  2.4131483829087235 14.471573454801458 15:44:07
 -6.436226  43.5250497  -5.6364586  1019.6553454745393  2.3718099153525265 14.633371683036103 15:44:09
 -5.3911605  43.5250532  -5.6364625  1019.6710687272042  1.8829024691426415 14.503242914488508 15:44:11
 -5.392394  43.5250629  -5.636464  1019.6500737163358  1.383534699994548 14.6770021668943 15:44:14
 -5.390848  43.5250745  -5.6364582  1019.6500668662244  2.2244628771676127 14.677058860378105 15:44:16
 -6.033181  43.5250873  -5.6364544  1019.6567672824608  3.422005646319716 14.621604450867968 15:44:18
 -11.707518  43.5250886  -5.6364471  1019.6682458381231  3.9235228639491178 14.526605586722976 15:44:21
 -16.867132  43.5250898  -5.6364246  1019.6540862075412  5.428307823203399 14.643793697619165 15:44:23
 -23.7169  43.525088  -5.6364173  1019.646869557289  5.837197771839014 14.703520735203263 15:44:25
 -21.78856  43.5250866  -5.6364065  1019.6893990176869  6.558639583484579 14.35153983320643 15:44:27
 -20.287954  43.5250845  -5.6363901  1019.6893335776413  7.7212117830341676 14.352081416796567 15:44:30
 -20.362741  43.5250794  -5.6363767  1019.6551258364386  8.625204248247211 14.635189463185029 15:44:32
 -20.311155  43.5250781  -5.6363608  1019.6612247593497  9.861618831663616 14.584713361574583 15:44:34
 -22.350925  43.5250722  -5.6363509  1019.6561805045844  10.571096437620932 14.62646076733413 15:44:37
 -22.189833  43.5250714  -5.6363445  1019.7157000431521  11.078893883930593 14.133874111742157 15:44:39
 -24.56512  43.5250716  -5.636342  1019.6878761247841  11.28213467244347 14.364143343462114 15:44:41
 -26.220339  43.5250702  -5.6363365  1019.712757563853  11.714316312564236 14.158225669460169 15:44:44
 -27.152365  43.5250708  -5.6363324  1019.6979103711748  12.049467207887586 14.281099880775178 15:44:46
 -27.70667  43.5250718  -5.6363275  1019.7124672854935  12.452538518348431 14.16062797669433 15:44:48
 -29.335611  43.5250723  -5.6363243  1019.7127711157855  12.71472351223394 14.158113515387566 15:44:50
 -29.36516  43.5250719  -5.6363173  1019.7057834213975  13.275749720663422 14.215942949335641 15:44:53
 -29.788504  43.5250739  -5.636315  1019.6725894037496  13.478635974074612 14.49065757890436 15:44:55
 -30.284067  43.5250745  -5.6363117  1019.7034747750532  13.750255236252453 14.23504913753735 15:44:57
 -30.740091  43.525075  -5.6363101  1019.6743044514972  13.884134214411473 14.476463617800267 15:45:00
 -32.426292  43.5250715  -5.6363088  1019.6798048915765  13.958326117168017 14.430941381490518 15:45:02
 -33.7263  43.5250725  -5.6363015  1019.6672181587347  14.554598909112265 14.535110835328044 15:45:04
 -34.46043  43.5250723  -5.6362927  1019.6691256332601  15.262924981650805 14.519324258729531 15:45:06
 -32.09312  43.5250714  -5.636281  1019.6988455700396  16.201126123393138 14.273360204984566 15:45:08
 -33.70933  43.5250718  -5.6362721  1019.6515463169027  16.92198587318696 14.664814511524716 15:45:11
 -34.89834  43.5250738  -5.6362609  1019.6733979800357  17.839134909032282 14.483965692626121 15:45:13
 -35.20514  43.525075  -5.6362542  1019.6753574252405  18.388543347144786 14.467749077961772 15:45:15
 -35.821846  43.5250741  -5.6362535  1019.645982101816  18.438278088717507 14.71086559121424 15:45:17
 -37.67445  43.5250728  -5.6362492  1019.6252595065728  18.77660711239671 14.88237367102685 15:45:19
 -37.615646  43.5250738  -5.6362409  1019.6721687009543  19.452885763318026 14.494139373611539 15:45:21
 -37.763233  43.5250748  -5.6362325  1019.6702320523201  20.13749253252183 14.510167361432922 15:45:23
 -37.22333  43.5250782  -5.6362222  1019.7052233944484  20.994797340925018 14.22057768817063 15:45:26
 -38.5988  43.5250792  -5.6362063  1019.6749127566399  22.28495959024864 14.471429208950129 15:45:28
 -39.65053  43.5250789  -5.6361976  1019.6626792425315  22.98365539570398 14.572675757272881 15:45:30
 -40.585014  43.5250784  -5.6361896  1019.6865566235277  23.624649118715467 14.375063590295518 15:45:32
 -40.649834  43.5250773  -5.6361864  1019.6908626386088  23.874493283410676 14.339426874119422 15:45:34
 -40.40793  43.5250746  -5.6361825  1019.6878720095274  24.171832697759637 14.364177401486558 15:45:36
 -41.377857  43.5250744  -5.6361798  1019.6742994576092  24.38869898217521 14.47650494785096 15:45:38
 -41.379368  43.5250731  -5.6361763  1019.6901983335717  24.6645661705777 14.344924675534136 15:45:41
 -40.379555  43.5250748  -5.6361702  1019.67461925725  25.166046251117262 14.473858246016968 15:45:43
 -41.5382  43.5250762  -5.6361646  1019.687999423415  25.626365392177906 14.363122919498059 15:45:45
 -42.864258  43.5250771  -5.6361585  1019.7265635233869  26.12439838157805 14.043969922415979 15:45:47
 -42.815186  43.5250772  -5.6361553  1019.6993711665043  26.38330478001764 14.269010388044725 15:45:49
 -42.415085  43.5250749  -5.6361466  1019.6917453413325  27.072220460632092 14.332121613672445 15:45:51
 -44.80304  43.5250729  -5.6361366  1019.7005251400025  27.870478882698972 14.259460152316638 15:45:53
 -44.650974  43.5250718  -5.6361296  1019.7106132330232  28.431709761216513 14.175971895054927 15:45:56
 -46.10095  43.5250738  -5.6361189  1019.7078607844269  29.30419948348973 14.198750874861467 15:45:58
 -46.92757  43.5250782  -5.6361128  1019.7078072218051  29.819922883451788 14.199194154079699 15:46:00
 -45.747547  43.525078  -5.6361053  1019.681473087616  30.42415003791092 14.417135250148558 15:46:02
 -45.412876  43.5250804  -5.6361019  1019.6855728598879  30.71387266861941 14.383205266202264 15:46:04
 -44.253975  43.525083  -5.636099  1019.6977487915813  30.96684888941204 14.282437108889958 15:46:06
 -47.220642  43.5250843  -5.6360966  1019.7272050300948  31.17082154343381 14.038660953656482 15:46:08
 -47.89502  43.5250838  -5.6360913  1019.686818800455  31.594082495101183 14.372893802317034 15:46:10
 -45.2692  43.5250816  -5.6360856  1019.7328921860955  32.03736361172227 13.991595416776509 15:46:13
 -47.47198  43.5250802  -5.6360777  1019.7140667169447  32.66551987882253 14.147391289841902 15:46:15
 -46.830666  43.5250818  -5.6360707  1019.6929494083025  33.24097172367803 14.322156746365952 15:46:17
 -47.802048  43.5250843  -5.6360608  1019.6897762822211  34.057648918844585 14.348417582242414 15:46:19
 -48.445686  43.5250887  -5.6360486  1019.6805309674066  35.07748984837418 14.424932314335845 15:46:21
 -47.701267  43.5250852  -5.6360384  1019.7324173317753  35.87114784661139 13.995525188928319 15:46:23
 -50.60678  43.5250818  -5.6360312  1019.7230463582796  36.42876312143081 14.07307725713419 15:46:25
 -51.61959  43.5250784  -5.6360234  1019.7340634664541  37.03944652740587 13.981902208291881 15:46:28
 -53.071068  43.5250795  -5.6360163  1019.7107402602218  37.618473658666844 14.174920632297198 15:46:30
 -48.755142  43.525081  -5.6360118  1019.6734342246914  37.9900733815965 14.483665727075115 15:46:32
 -49.445927  43.5250814  -5.6360087  1019.702402668664  38.242655411250674 14.243921823463054 15:46:34
 -49.61932  43.5250816  -5.6360036  1019.7060049223728  38.655553559649405 14.214109825312118 15:46:36
 -49.224285  43.5250799  -5.6359973  1019.7386574960494  39.15488063525722 13.943883313484985 15:46:39
 -52.00843  43.5250749  -5.6359856  1019.7221370070179  40.07818114856763 14.080602874286708 15:46:41
 -48.91513  43.525077  -5.6359773  1019.7501881761657  40.75682645006704 13.84845926389173 15:46:43
 -48.84725  43.525078  -5.6359719  1019.7261446622042  41.197307467765725 14.047436327113306 15:46:45
 -51.07327  43.5250797  -5.6359676  1019.7487734753641  41.55246855848033 13.860166807239565 15:46:48
 -49.69895  43.525082  -5.6359681  1019.7426239385447  41.524017285285204 13.911058264300092 15:46:50
 -52.340668  43.5250837  -5.6359649  1019.7156442484555  41.79216370260136 14.13433586051563 15:46:52
 -53.78602  43.5250833  -5.6359585  1019.7261263397326  42.30646977883453 14.047587959950059 15:46:55
 -48.715202  43.5250823  -5.635955  1019.7227183653567  42.5834140476754 14.07579166321539 15:46:57
 -53.19033  43.5250809  -5.6359521  1019.7200559241844  42.810229925004094 14.097825538323782 15:46:59
 -52.124756  43.525081  -5.6359462  1019.7295185933913  43.28721850086384 14.019514433941445 15:47:01
 -52.945198  43.5250827  -5.6359359  1019.740126071054  44.12784349776207 13.931729829701275 15:47:04
 -53.82353  43.5250838  -5.6359311  1019.7293288295181  44.52149036243447 14.021084874954992 15:47:06
 -58.70929  43.5250842  -5.6359284  1019.7134673337562  44.741758616313696 14.152351705255983 15:47:08
 -53.774868  43.5250839  -5.635924  1019.6861282332532  45.09530204701704 14.378608968339222 15:47:11
 -52.635918  43.5250772  -5.6359142  1019.6866471178006  45.855653446727196 14.374314655593722 15:47:13
 -52.93575  43.5250776  -5.6359059  1019.7051555386175  46.52776785298569 14.221139257804525 15:47:15
 -53.611027  43.5250796  -5.6358995  1019.7106290890032  47.05284517649593 14.1758406727417 15:47:17
 -53.650383  43.5250809  -5.635895  1019.7281286124826  47.4220770512505 14.031017593224648 15:47:20
 -52.692333  43.5250811  -5.6358926  1019.7296099895345  47.61685069276387 14.018758061128452 15:47:22
 -54.624172  43.5250826  -5.6358853  1019.7342038010925  48.21359415513241 13.980740836305515 15:47:24
 -57.833168  43.5250843  -5.6358764  1019.7170702927575  48.94100140733332 14.122534132131657 15:47:27
 -54.051773  43.5250847  -5.6358629  1019.6955291120603  50.03326446437795 14.300807130712517 15:47:29
 -54.422035  43.5250825  -5.635858  1019.6999538140656  50.418078117683265 14.264188420450983 15:47:31
 -55.308296  43.5250829  -5.6358509  1019.7213473035849  50.993430575713546 14.08713831330238 15:47:33
 -56.729305  43.5250822  -5.6358457  1019.6927241195648  51.41022053772435 14.324021236928317 15:47:36
 -54.401997  43.5250806  -5.6358422  1019.6884012036608  51.686062407751905 14.359797772205834 15:47:38
 -56.469448  43.5250811  -5.635836  1019.6794564864183  52.18901434996341 14.433824814324264 15:47:40
 -58.931046  43.5250826  -5.6358262  1019.6845338346054  52.987170413631404 14.391804297068042 15:47:43
 -56.643192  43.5250867  -5.6358092  1019.6957491406614  54.38019729828305 14.298986177113717 15:47:45
 -55.000362  43.5250897  -5.6358013  1019.6881885655378  55.03483142630479 14.361557572576384 15:47:47
 -62.03005  43.5250961  -5.6357862  1019.743292121274  56.295289708185486 13.905528601221853 15:47:51
 -54.85193  43.5250982  -5.6357796  1019.6844446289575  56.8431450301212 14.392542568285693 15:47:53
 -58.507347  43.5251008  -5.635771  1019.7147947105564  57.556937614441786 14.141366514878618 15:47:55
 -55.995712  43.5251012  -5.6357648  1019.682103831729  58.06006626543397 14.411915163351555 15:47:57
 -53.560986  43.5251022  -5.6357608  1019.7042548084595  58.3906933916274 14.228593634231522 15:47:59
 -55.60906  43.5251045  -5.6357544  1019.6990638603612  58.92594046378966 14.271553642120008 15:48:02
 -56.386868  43.525105  -5.6357521  1019.7329860343575  59.115639458594956 13.990818752887677 15:48:04
 -56.8286  43.5251054  -5.6357521  1019.7230099792051  59.11913044494704 14.073378323296936 15:48:06
 -58.28952  43.5251066  -5.6357483  1019.6975134506355  59.43599819615401 14.284384784149047 15:48:08
 -61.35938  43.5251097  -5.6357468  1019.7568065490477  59.58561170628179 13.79368821958828 15:48:10
 -61.711998  43.5251084  -5.6357441  1019.771716949415  59.79082641026411 13.670296680034223 15:48:12
 -58.535797  43.5251088  -5.6357431  1019.7234514436341  59.87511414817788 14.069724849950955 15:48:14
 -58.702225  43.52511  -5.6357459  1019.7402601988032  59.66098233847356 13.930619829609942 15:48:16
 -62.132854  43.5251109  -5.6357488  1019.7251999702115  59.43621956896689 14.055254398275085 15:48:19
 -56.868427  43.5251108  -5.6357541  1019.7501074999183  59.008462739213094 13.849126910481932 15:48:21
 -57.628513  43.5251108  -5.6357561  1019.7245018048629  58.84742333296967 14.061032270827747 15:48:23
 -56.184814  43.525109  -5.6357582  1019.7153070625709  58.66072645598529 14.137126362184183 15:48:25
 -62.249577  43.5251078  -5.6357576  1019.7406552266945  58.697696983589196 13.927350700693243 15:48:27
 -59.321423  43.5251052  -5.6357557  1019.7544736420373  58.82724918315374 13.81299440527496 15:48:29
 -57.178406  43.5251051  -5.6357491  1019.7302344715854  59.35829575123368 14.013589997169607 15:48:31
 -57.6283  43.5251037  -5.6357443  1019.7164861820238  59.733307103322446 14.127368143192047 15:48:34
 -56.43872  43.5251047  -5.6357372  1019.7402037277715  60.314044531518114 13.931087166517212 15:48:36
 -58.5617  43.5251076  -5.6357275  1019.7519170760613  61.12102135567916 13.834151542298699 15:48:38
 -60.183514  43.5251081  -5.6357195  1019.7513455347305  61.77013911894849 13.838881399997753 15:48:40
 -57.271793  43.5251103  -5.6357098  1019.7967967685476  62.57169070192664 13.462751054979329 15:48:42
 -58.953724  43.5251115  -5.6357021  1019.5591587041012  63.203174986549065 15.429467913387324 15:48:44
 -58.23026  43.5251121  -5.635694  1019.7964970542115  63.86129692367008 13.465231287668505 15:48:46
 -61.502323  43.5251114  -5.6356862  1019.7547655522199  64.48315033170552 13.810578673863251 15:48:49
 -59.47882  43.5251093  -5.635677  1019.7281478858399  65.20572781845054 14.030858091310241 15:48:51
 -58.25963  43.5251024  -5.6356665  1019.7542656124072  65.99725727427384 13.81471597527947 15:48:53
 -61.92883  43.5250973  -5.635661  1019.7572832752771  66.40639880287193 13.789743032405113 15:48:55
 -64.66  43.5250959  -5.6356496  1019.7607486877579  67.31802640253301 13.761064770800498 15:48:57
 -58.577248  43.5250915  -5.6356406  1019.7383007587066  68.0203916920727 13.946835566277208 15:48:59
 -64.99042  43.5250898  -5.6356381  1019.7431091961361  68.21390590067597 13.907042429909087 15:49:01
 -57.510433  43.5250908  -5.635634  1019.7174726922425  68.54990146359461 14.119203936872967 15:49:03
 -56.62014  43.5250905  -5.6356322  1019.738709789919  68.69380714833588 13.943450544954327 15:49:06
 -59.888145  43.5250925  -5.6356228  1019.7431498623363  69.46299744380131 13.906705889703304 15:49:08
 -56.839394  43.5250956  -5.6356107  1019.7674090036802  70.45680127371058 13.70594708552531 15:49:10
 -62.936684  43.5250951  -5.6356026  1019.7507857427252  71.10802143195623 13.843514026857896 15:49:12
 -56.66361  43.5250959  -5.6355962  1019.8049124556834  71.6292125387476 13.395591353653622 15:49:14
 -61.47557  43.525094  -5.635589  1019.7243323169994  72.20030269220419 14.062434917944381 15:49:16
 -60.233818  43.5250934  -5.6355859  1019.7569683486632  72.44754241944601 13.792349233372882 15:49:18
 -56.828953  43.5250928  -5.6355851  1019.7512958011083  72.50911531893192 13.839292976560117 15:49:21
 -60.9258  43.5250976  -5.6355888  1019.7257776669351  72.23638564077673 14.050473501648188 15:49:23
 -58.009434  43.5251048  -5.635592  1019.7569256797655  72.02470152490639 13.792702343379254 15:49:27
 -60.6852  43.5251067  -5.6355928  1019.7532674514895  71.9739594341425 13.82297635968354 15:49:29
 -63.701214  43.5251095  -5.6355923  1019.7406289451341  72.03573933441788 13.927568198745487 15:49:31
 -66.524734  43.5251117  -5.6355865  1019.7401816738736  72.5211262742866 13.93126967781588 15:49:33
 -60.744907  43.5251116  -5.6355836  1019.7794609883358  72.75411228184974 13.606211191573713 15:49:36
 -60.287605  43.5251115  -5.6355864  1019.7653819343554  72.52754788540521 13.722722140166244 15:49:38
 -62.640667  43.5251119  -5.6355856  1019.7531568973707  72.59533172948218 13.82389126219439 15:49:40
 -61.44524  43.5251167  -5.6355821  1019.74019276371  72.9188732545002 13.931177901725057 15:49:42
 -65.60847  43.5251237  -5.6355737  1019.7381626465502  73.66238678955376 13.947978541882957 15:49:44
 -61.54963  43.5251294  -5.6355646  1019.7516854846425  74.45473832628078 13.836068104147635 15:49:46
 -63.629803  43.5251319  -5.6355576  1019.7513455347305  75.04556763458405 13.838881399997753 15:49:48
 -59.46973  43.525132  -5.6355515  1019.7500646162225  75.5373052655353 13.849481799997967 15:49:51
 -61.36205  43.5251303  -5.6355489  1019.7745463344529  75.72765724588145 13.646882170132574 15:49:53
 -62.586716  43.5251307  -5.6355522  1019.7400649069091  75.46655751858215 13.932236005434302 15:49:55
 -69.561516  43.5251311  -5.6355524  1019.7466842249164  75.45488534599312 13.877456699337557 15:49:57
 -64.72465  43.5251318  -5.6355572  1019.7245651442457  75.07661289423872 14.060508087019974 15:49:59
 -59.95202  43.5251346  -5.6355608  1019.7611173916032  74.8193274911743 13.758013541175927 15:50:01
 -65.73507  43.525139  -5.6355599  1019.7347802899257  74.94488856881499 13.975969970035898 15:50:03
 -66.06233  43.5251438  -5.635561  1019.7346032300761  74.91823235164617 13.977435269417239 15:50:05
 -64.428665  43.5251462  -5.6355611  1019.7500866021588  74.94246825298033 13.849299852569146 15:50:08
 -65.22347  43.5251503  -5.635561  1019.7385597745947  75.00776151178158 13.944692027279412 15:50:10
 -62.83575  43.5251511  -5.6355642  1019.7793347016056  74.7627543623869 13.607256269264354 15:50:12
 -59.995403  43.5251518  -5.6355696  1019.7707762009056  74.34018102669197 13.678081834042139 15:50:14
 -60.30271  43.5251503  -5.6355783  1019.7639807371087  73.6210294874056 13.734317793112272 15:50:16
 -58.140087  43.5251508  -5.6355803  1019.759365322873  73.46806403050725 13.772512893492351 15:50:18
 -66.47572  43.5251536  -5.6355872  1019.7693906522821  72.95725601762675 13.689547937119709 15:50:20
 -61.373257  43.5251581  -5.6355959  1019.7539174360171  72.3316816422879 13.817597344439136 15:50:22
 -66.499725  43.5251603  -5.6356025  1019.7549072430526  71.84005535267842 13.80940609764465 15:50:25
 -60.757885  43.5251627  -5.6356127  1019.73520951743  71.06578008475445 13.972417800266708 15:50:27
 -63.165726  43.5251691  -5.6356218  1019.7485807774733  70.45414361700158 13.861761505110216 15:50:29
 -67.953445  43.5251747  -5.63563  1019.7959484685813  69.90795639901012 13.46977101202696 15:50:31
 -61.50297  43.5251803  -5.6356386  1019.7627500248494  69.3376194273803 13.744502602694485 15:50:33
 -61.190342  43.5251859  -5.6356448  1019.7849065985574  68.96540735906098 13.561146495069153 15:50:35
 -61.938675  43.5251894  -5.6356534  1019.7719707562408  68.36253365572841 13.668196305423617 15:50:37
 -66.47375  43.5251919  -5.6356593  1019.7475545992165  67.95354818313349 13.870253788350713 15:50:40
 -62.698753  43.5251946  -5.6356667  1019.7365345929998  67.43298535350834 13.961451843870393 15:50:42
 -63.900703  43.5251976  -5.6356691  1019.7502111901538  67.31660007756821 13.848268808706802 15:50:44
 -70.57583  43.5252006  -5.6356685  1019.7531478554288  67.43845686328801 13.823966089756222 15:50:46
 -66.84113  43.5252018  -5.6356696  1019.7425195033002  67.38213271993767 13.911922536702274 15:50:48
 -64.00326  43.5252009  -5.6356678  1019.7501809422682  67.50111907209394 13.848519128935507 15:50:50
 -61.980698  43.5251985  -5.6356704  1019.7501231382904  67.23636983910603 13.848997493132977 15:50:53
 -68.32081  43.5252019  -5.6356791  1019.724029665364  66.63718279175647 14.064939601845383 15:50:55
 -66.48774  43.5252033  -5.635681  1019.7642120495059  66.52391184749162 13.732403559031471 15:50:57
 -64.08791  43.5252038  -5.6356822  1019.7628749832625  66.44260889764398 13.743468503786566 15:50:59
 -60.861862  43.5252048  -5.6356806  1019.7482935753444  66.59447123722092 13.864138286231348 15:51:01
 -64.285576  43.5252001  -5.6356787  1019.7450211605253  66.62277305276221 13.891219648023277 15:51:03
 -57.790497  43.5251982  -5.6356785  1019.7634200171254  66.59072282619141 13.738958053009242 15:51:05
 -65.96886  43.5251972  -5.6356813  1019.7485778484852  66.34519888463066 13.861785744357768 15:51:08
 -57.287106  43.5251967  -5.6356889  1019.7695128027465  65.73401903432358 13.688537080841403 15:51:10
 -64.245445  43.5251955  -5.6356916  1019.7465401232658  65.49136696789758 13.87864923429477 15:51:12
 -62.880184  43.5251931  -5.6356987  1019.7720873148131  64.87235759384139 13.667231726830352 15:51:14
 -61.99127  43.5251878  -5.6357097  1019.7278842631802  63.87561265751704 14.033039772636162 15:51:16
 -61.18325  43.5251822  -5.6357167  1019.7395474601061  63.19035629533339 13.936518237692738 15:51:18
 -67.41576  43.5251782  -5.6357244  1019.7458114941742  62.48951187589264 13.884679116411903 15:51:21
 -66.25922  43.5251774  -5.6357331  1019.7530759903908  61.78286758482715 13.824560816659911 15:51:23
 -62.405346  43.5251785  -5.6357395  1019.7818427482617  61.301929524378934 13.586501110534293 15:51:25
 -60.901024  43.5251793  -5.635743  1019.7378300074275  61.043919024149126 13.950731365981678 15:51:27
 -66.26583  43.5251792  -5.6357461  1019.7734396268835  60.79661546526403 13.656040696553866 15:51:29
 -57.737576  43.5251781  -5.6357506  1019.7845001253215  60.41521325331649 13.56451022394397 15:51:31
 -65.44316  43.5251798  -5.635754  1019.7681352499326  60.186858852161556 13.699937026024664 15:51:34
 -62.885464  43.5251792  -5.6357573  1019.7576375951007  59.91198498849939 13.786810830474366 15:51:36
 -59.774807  43.5251778  -5.6357636  1019.7878024116402  59.381168998270766 13.537182513029787 15:51:39
 -61.336185  43.525177  -5.6357692  1019.759606134345  58.9199161741985 13.770520042183659 15:51:41
 -58.51953  43.5251767  -5.6357763  1019.7769155129013  58.35218390589986 13.627276129591934 15:51:43
 -56.851437  43.5251753  -5.6357843  1019.765607310794  57.687114147719605 13.720857031399358 15:51:46
 -57.132374  43.5251728  -5.6357901  1019.7639204644838  57.16963616448179 13.734816581446463 15:51:49
 -54.834766  43.5251719  -5.6357919  1019.7620746402442  57.006225724626 13.7500917798165 15:51:51
 -60.867455  43.5251689  -5.6357966  1019.8062308649272  56.564906839912105 13.38468116971924 15:51:53
 -61.023098  43.5251637  -5.6358019  1019.7713523555193  56.028047951533836 13.673313872147656 15:51:55
 -56.853615  43.5251618  -5.6358052  1019.7636785279939  55.72482311407243 13.736818736071235 15:51:57
 -58.124157  43.5251593  -5.6358107  1019.7662888030056  55.23464542845649 13.715217326331636 15:51:59
 -62.57869  43.5251543  -5.6358147  1019.7806161942815  54.812315022846555 13.596651364132534 15:52:02
 -59.351467  43.5251523  -5.6358175  1019.7983764580506  54.5491749161949 13.449678625161614 15:52:04
 -61.113667  43.5251504  -5.6358194  1019.7446842780545  54.36018754708809 13.89400757365756 15:52:06
 -62.789104  43.5251487  -5.6358231  1019.7683592970579  54.03241370951257 13.698082922066025 15:52:08
 -60.710114  43.5251466  -5.6358278  1019.7741494363123  53.61766711336308 13.650166688271664 15:52:10
 -56.797543  43.5251435  -5.6358343  1019.7867870332552  53.0412605454582 13.545585158681835 15:52:12
 -58.18091  43.5251394  -5.6358402  1019.7988395112475  52.49591802268931 13.44584671673935 15:52:15
 -57.16509  43.5251405  -5.6358453  1019.7633346935039  52.10897884534479 13.739664152117506 15:52:17
 -56.72811  43.5251421  -5.6358546  1019.7971201357292  51.397456441229664 13.460075088029388 15:52:19
 -52.731224  43.5251412  -5.6358577  1019.7727635249946  51.13351583691354 13.661635762097323 15:52:21
 -54.178547  43.5251384  -5.635868  1019.7567934571889  50.260501985900746 13.79379656235939 15:52:24
 -61.95867  43.5251379  -5.6358737  1019.7553492114498  49.79686802136274 13.805748546196227 15:52:26
 -52.600094  43.5251396  -5.6358818  1019.7115154142857  49.18342692920253 14.168505547095657 15:52:28
 -54.43431  43.525142  -5.6358901  1019.7518875203262  48.56981390083606 13.834396134225909 15:52:30
 -58.70219  43.5251419  -5.6358924  1019.761242740132  48.38491240698568 13.756976212504973 15:52:33
 -56.980007  43.5251373  -5.6358968  1019.7500037712863  47.944913638492636 13.84998533008535 15:52:35
 -53.888336  43.5251361  -5.6358985  1019.7488946307072  47.78680103626154 13.85916416968055 15:52:37
 -62.75562  43.5251355  -5.6359016  1019.7357087830242  47.52853154944119 13.968286015896425 15:52:39
 -56.692783  43.5251352  -5.6359067  1019.7300845742446  47.11652624146196 14.01483051144183 15:52:41
 -56.834034  43.5251366  -5.635915  1019.7077866462988  46.48231559959408 14.199364435028016 15:52:43
 -53.39303  43.5251397  -5.6359228  1019.7170206090163  45.9239247830081 14.122945307089939 15:52:46
 -54.491154  43.5251404  -5.6359291  1019.7315138088674  45.43804067771184 14.003002516083727 15:52:48
 -52.568245  43.5251422  -5.6359338  1019.7219752156369  45.10332092387491 14.081941829387635 15:52:50
 -50.11419  43.5251402  -5.6359369  1019.7075455913135  44.81466243239281 14.201359383635289 15:52:52
 -52.010487  43.5251371  -5.6359407  1019.7235878990256  44.44838149711374 14.068595572056477 15:52:54
 -51.073406  43.5251398  -5.6359428  1019.705438853409  44.33797689563468 14.218794566572214 15:52:56
 -50.82248  43.525142  -5.635943  1019.7268095214557  44.369566130385294 14.041934096054769 15:52:58
 -56.631084  43.5251396  -5.6359436  1019.7074193956099  44.27024568176456 14.20240376768284 15:53:01
 -51.043804  43.5251391  -5.6359443  1019.6986897214152  44.20409824485286 14.274650002800744 15:53:03
 -51.89887  43.5251385  -5.6359478  1019.7482361144641  43.91363423704691 13.864613811796662 15:53:05
 -51.972958  43.5251407  -5.6359541  1019.6769464628279  43.46134665443268 14.454598021801328 15:53:07
 -50.300457  43.525142  -5.6359593  1019.7209803764646  43.07837809336585 14.09017493542494 15:53:09
 -54.147762  43.5251389  -5.6359667  1019.7147915101631  42.42329111977875 14.141393000884463 15:53:11
 -50.83074  43.5251382  -5.6359704  1019.6873219597244  42.114702931431154 14.36872963496569 15:53:14
 -50.372185  43.5251346  -5.6359835  1019.7167505084652  40.99796523520159 14.125180617729411 15:53:16
 -50.07361  43.525134  -5.6359895  1019.7472548280242  40.509168754132304 13.872734588532051 15:53:18
 -50.08107  43.5251363  -5.6359957  1019.7096700432026  40.068415701419106 14.183777630819323 15:53:20
 -49.39459  43.5251353  -5.6360018  1019.732725535781  39.56299553207855 13.992974571727622 15:53:22
 -50.348236  43.5251323  -5.6360085  1019.7258373103962  38.965808484362604 14.049979905031098 15:53:24
 -47.428417  43.5251319  -5.6360111  1019.7501940393922  38.75098178990473 13.848410742017482 15:53:26
 -49.135674  43.5251284  -5.6360162  1019.7393969704433  38.27151989985261 13.937763644674042 15:53:29
 -46.711086  43.5251222  -5.636028  1019.7583640590278  37.20804048456841 13.780798922964973 15:53:31
 -46.865467  43.5251174  -5.6360332  1019.731404014333  36.70332725879239 14.00391114826537 15:53:33
 -46.64353  43.5251123  -5.6360369  1019.720015485899  36.31919358789363 14.09816019852045 15:53:35
 -48.62012  43.5251084  -5.6360415  1019.7129250827115  35.88861966769971 14.156839304692067 15:53:37
 -47.95723  43.5251068  -5.6360457  1019.7525021941685  35.527858521078194 13.82930933061089 15:53:39
 -46.771816  43.5251069  -5.6360485  1019.7155926913116  35.30512461624787 14.134762539940926 15:53:42
 -46.557415  43.5251062  -5.63605  1019.723572329165  35.17440719297426 14.06872442514185 15:53:44
 -46.381325  43.5251051  -5.6360519  1019.7345772586259  35.00583737694633 13.977650202124966 15:53:46
 -46.29307  43.5251072  -5.6360539  1019.7251002438607  34.877367149355265 14.0560797128074 15:53:48
 -45.9532  43.5251091  -5.6360566  1019.7432694222  34.69150514352462 13.90571645133496 15:53:50
 -46.621994  43.5251117  -5.6360596  1019.6972095233682  34.495360788680735 14.286900078488989 15:53:52
 -45.438587  43.5251111  -5.636067  1019.7312048288808  33.894045252745876 14.005559557571702 15:53:54
 -45.308475  43.5251115  -5.6360684  1019.6962479541266  33.78926163718783 14.294858005093419 15:53:57
 -44.106052  43.5251137  -5.6360754  1019.724106092168  33.27078450874919 14.064307108969746 15:53:59
 -45.13856  43.5251111  -5.6360807  1019.7233407982584  32.80057320250123 14.070640529339311 15:54:01
 -44.2907  43.525109  -5.6360898  1019.7250107582158  32.037063240142324 14.05682027744029 15:54:03
 -42.718857  43.5251065  -5.6360972  1019.729217140468  31.402941743939866 14.022009187266065 15:54:05
 -43.924515  43.5251058  -5.6361011  1019.7177468246034  31.079494736529305 14.116935260907193 15:54:07
 -42.89663  43.5251053  -5.6361087  1019.6929290140674  30.46378927315685 14.322325529134174 15:54:10
 -44.10479  43.525102  -5.6361139  1019.7007886601216  29.993797355212266 14.257279272220394 15:54:12
 -41.74795  43.5251003  -5.6361229  1019.7081149640486  29.24679656774971 14.196647308522097 15:54:14
 -42.260983  43.5250994  -5.6361323  1019.6932956938497  28.48035824550009 14.319290886329153 15:54:16
 -40.799515  43.5250977  -5.6361436  1019.7086781221524  27.549421455095153 14.1919866672179 15:54:18
 -40.642517  43.5250957  -5.6361554  1019.7048193402411  26.574051881279704 14.223921610178142 15:54:20
 -40.99966  43.525095  -5.6361628  1019.722858729964  25.97079011025153 14.074630032745613 15:54:23
 -40.00274  43.5250944  -5.6361689  1019.7410580857186  25.47316195070324 13.92401676479766 15:54:25
 -39.74937  43.5250949  -5.6361793  1019.7023562590598  24.64820178598678 14.244305906642978 15:54:27
 -39.08709  43.5250952  -5.6361814  1019.6870179171805  24.484950221277373 14.37124590369754 15:54:29
 -39.109318  43.525097  -5.636183  1019.7007450076748  24.3867730261003 14.257640537782004 15:54:31
 -39.553463  43.5250982  -5.6361844  1019.7432276415711  24.295792413050325 13.906062214161967 15:54:33
 -38.760227  43.5250954  -5.6361924  1019.7150543457383  23.60866646778715 14.139217810681403 15:54:35
 -37.095165  43.5250927  -5.6362008  1019.7248986944433  22.892978434901543 14.057747694052495 15:54:38
 -37.447136  43.525087  -5.6362097  1019.729817450099  22.09696141604256 14.017041166878228 15:54:40
 -36.651073  43.5250808  -5.6362211  1019.7166819656159  21.107946231048608 14.125747867895573 15:54:42
 -36.22506  43.525079  -5.636232  1019.7264709299071  20.21249025750795 14.044736205951544 15:54:44
 -35.97367  43.5250758  -5.6362408  1019.7432615717738  19.475411916471238 13.905781418896424 15:54:46
 -35.569664  43.5250737  -5.6362484  1019.7348251621313  18.846988808895897 13.9755986198414 15:54:48
 -35.21347  43.5250722  -5.6362554  1019.7188867099223  18.272488381454025 14.1075017559535 15:54:50
 -34.154575  43.5250709  -5.6362617  1019.7249631591799  17.756563029755355 14.057214197213364 15:54:53
 -32.936123  43.5250721  -5.6362666  1019.7175401237903  17.367787201685413 14.11864588403091 15:54:55
 -32.786636  43.5250734  -5.6362673  1019.68892634612  17.319949761194003 14.355451676551084 15:54:57
 -32.08092  43.5250737  -5.6362712  1019.7142212323233  17.00753275590962 14.14611254153211 15:54:59
 -30.635128  43.5250722  -5.6362782  1019.7424096357169  16.432199630216232 13.912831765462847 15:55:01
 -29.546013  43.525069  -5.6362842  1019.7081173717689  15.930183178572278 14.196627382463028 15:55:03
 -29.349434  43.5250664  -5.6362878  1019.7331479882615  15.630547479114542 13.989478464490723 15:55:06
 -28.323301  43.5250651  -5.6362902  1019.7359570067528  15.434125475791022 13.966231785388285 15:55:08
 -27.358318  43.5250622  -5.6362983  1019.7551203298135  14.778741454362981 13.807642677758242 15:55:10
 -26.46139  43.5250627  -5.6363055  1019.7297075075479  14.196281877374695 14.017951025222104 15:55:12
 -25.332512  43.5250606  -5.6363103  1019.7338066398775  13.811525537550748 13.984027636786202 15:55:14
 -24.43483  43.5250602  -5.6363132  1019.7414939050677  13.57823170917784 13.92041006070799 15:55:16
 -23.267294  43.5250592  -5.6363173  1019.7289691829126  13.250338435786919 14.02406122599039 15:55:18
 -22.137533  43.5250587  -5.6363191  1019.6872986044732  13.10700758228823 14.368922923969434 15:55:21
 -20.834011  43.5250565  -5.6363265  1019.7139899769116  12.521850611512223 14.148026379993514 15:55:23
 -19.954039  43.5250548  -5.63633  1019.7042764370063  12.252722738521978 14.22841463790369 15:55:25
 -19.477854  43.5250537  -5.6363328  1019.7145956878383  12.037389783289091 14.143013599157241 15:55:27
 -18.88343  43.5250527  -5.6363339  1019.7456959019815  11.959354691824895 13.88563571770112 15:55:29
 -18.92182  43.5250517  -5.6363349  1019.6933777031471  11.890547370457634 14.318612177308395 15:55:31
 -19.48821  43.5250498  -5.6363389  1019.7255187032085  11.59478294806626 14.052616630734207 15:55:34
 -16.032969  43.5250475  -5.6363445  1019.7465878585177  11.183585472875514 13.878254193997087 15:55:36
 -11.970853  43.5250456  -5.6363557  1019.6924551049024  10.328834419900817 14.326247603874386 15:55:38
 -10.623038  43.5250449  -5.6363615  1019.7188254518863  9.884905290388543 14.10800871724577 15:55:40
 -10.6384115  43.5250448  -5.6363711  1019.7016955678248  9.129708623526207 14.24977375025345 15:55:42
 -10.856282  43.5250439  -5.6363735  1019.7050327171798  8.964467960506955 14.222155718664677 15:55:44
 -10.436063  43.5250421  -5.6363705  1019.7100611533231  9.24913206518172 14.180540845540266 15:55:46
 -10.416689  43.5250428  -5.6363685  1019.6913884227745  9.386261319916644 14.335075476178485 15:55:49
 -11.081428  43.5250467  -5.6363705  1019.6869214656085  9.131742950844819 14.372044141039172 15:55:51
 -6.8354363  43.5250469  -5.6363686  1019.6603018703747  9.277777365603043 14.592351389245566 15:55:53
 -5.4027987  43.5250475  -5.6363678  1019.6759658835815  9.32833226811094 14.462713405426982 15:55:55
 -5.396551  43.5250477  -5.6363603  1019.6717304834336  9.920418187098669 14.497766123857616 15:55:57
 -5.3968396  43.5250515  -5.6363589  1019.6585388552542  9.967120252848646 14.606942497159192 15:55:59
 -5.4115353  43.5250508  -5.6363598  1019.7039155273535  9.905700479227246 14.231401501044088 15:56:02
 -5.42368  43.5250483  -5.6363635  1019.6466273323597  9.654050031562178 14.705525463135732 15:56:04
 -5.3869724  43.5250463  -5.6363659  1019.6649252628896  9.504948421674063 14.55408725454099 15:56:06
 -5.394866  43.5250466  -5.636376  1019.6610038590803  8.69922639222284 14.586541579216767 15:56:08
 -5.391537  43.5250448  -5.6363829  1019.6683983841976  8.203359742577376 14.525343090168935 15:56:10
 -5.3909535  43.5250486  -5.6363821  1019.6632934767459  8.170647686554133 14.567592231770877 15:56:12
 -5.394487  43.5250542  -5.6363844  1019.6652050975106  7.884079565559451 14.551771290934653 15:56:14
 -5.395082  43.5250559  -5.6363861  1019.6309620525622  7.725177738894428 14.835176950064785 15:56:17
 -5.411269  43.525057  -5.6363915  1019.6331117323884  7.278369221308448 14.81738533158375 15:56:19
 -5.3936477  43.5250603  -5.6363941  1019.6810854353878  7.041787935183157 14.42034349110241 15:56:21
 -5.40639  43.5250592  -5.636398  1019.6414738945539  6.7342579791824795 14.748176988946772 15:56:23
 -5.407198  43.5250596  -5.6363996  1019.6542337459288  6.6022350293445395 14.64257263179245 15:56:25
 -5.3990316  43.5250569  -5.6364067  1019.6694953737549  6.057934710492553 14.51626422763649 15:56:27
 -5.400445  43.525052  -5.6364117  1019.6235836716731  5.751707665885728 14.896243641393268 15:56:30
 -5.432418  43.5250496  -5.6364122  1019.6650835505023  5.777262413775756 14.552777236618715 15:56:32
 -5.41648  43.5250515  -5.6364158  1019.659703286191  5.44210591293993 14.59730540370084 15:56:34
