-7.06717 2.438272258506547 154402
-6.994913 2.4872944037041878 154405
-6.60365 2.4131483829087235 154407
-6.436226 2.3718099153525265 154409
-5.3911605 1.8829024691426415 154411
-5.392394 1.383534699994548 154414
-5.390848 2.2244628771676127 154416
-6.033181 3.422005646319716 154418
-11.707518 3.9235228639491178 154421
-16.867132 5.428307823203399 154423
-23.7169 5.837197771839014 154425
-21.78856 6.558639583484579 154427
-20.287954 7.7212117830341676 154430
-20.362741 8.625204248247211 154432
-20.311155 9.861618831663616 154434
-22.350925 10.571096437620932 154437
-22.189833 11.078893883930593 154439
-24.56512 11.28213467244347 154441
-26.220339 11.714316312564236 154444
-27.152365 12.049467207887586 154446
-27.70667 12.452538518348431 154448
-29.335611 12.71472351223394 154450
-29.36516 13.275749720663422 154453
-29.788504 13.478635974074612 154455
-30.284067 13.750255236252453 154457
-30.740091 13.884134214411473 154500
-32.426292 13.958326117168017 154502
-33.7263 14.554598909112265 154504
-34.46043 15.262924981650805 154506
-32.09312 16.201126123393138 154508
-33.70933 16.92198587318696 154511
-34.89834 17.839134909032282 154513
-35.20514 18.388543347144786 154515
-35.821846 18.438278088717507 154517
-37.67445 18.77660711239671 154519
-37.615646 19.452885763318026 154521
-37.763233 20.13749253252183 154523
-37.22333 20.994797340925018 154526
-38.5988 22.28495959024864 154528
-39.65053 22.98365539570398 154530
-40.585014 23.624649118715467 154532
-40.649834 23.874493283410676 154534
-40.40793 24.171832697759637 154536
-41.377857 24.38869898217521 154538
-41.379368 24.6645661705777 154541
-40.379555 25.166046251117262 154543
-41.5382 25.626365392177906 154545
-42.864258 26.12439838157805 154547
-42.815186 26.38330478001764 154549
-42.415085 27.072220460632092 154551
-44.80304 27.870478882698972 154553
-44.650974 28.431709761216513 154556
-46.10095 29.30419948348973 154558
-46.92757 29.819922883451788 154600
-45.747547 30.42415003791092 154602
-45.412876 30.71387266861941 154604
-44.253975 30.96684888941204 154606
-47.220642 31.17082154343381 154608
-47.89502 31.594082495101183 154610
-45.2692 32.03736361172227 154613
-47.47198 32.66551987882253 154615
-46.830666 33.24097172367803 154617
-47.802048 34.057648918844585 154619
-48.445686 35.07748984837418 154621
-47.701267 35.87114784661139 154623
-50.60678 36.42876312143081 154625
-51.61959 37.03944652740587 154628
-53.071068 37.618473658666844 154630
-48.755142 37.9900733815965 154632
-49.445927 38.242655411250674 154634
-49.61932 38.655553559649405 154636
-49.224285 39.15488063525722 154639
-52.00843 40.07818114856763 154641
-48.91513 40.75682645006704 154643
-48.84725 41.197307467765725 154645
-51.07327 41.55246855848033 154648
-49.69895 41.524017285285204 154650
-52.340668 41.79216370260136 154652
-53.78602 42.30646977883453 154655
-48.715202 42.5834140476754 154657
-53.19033 42.810229925004094 154659
-52.124756 43.28721850086384 154701
-52.945198 44.12784349776207 154704
-53.82353 44.52149036243447 154706
-58.70929 44.741758616313696 154708
-53.774868 45.09530204701704 154711
-52.635918 45.855653446727196 154713
-52.93575 46.52776785298569 154715
-53.611027 47.05284517649593 154717
-53.650383 47.4220770512505 154720
-52.692333 47.61685069276387 154722
-54.624172 48.21359415513241 154724
-57.833168 48.94100140733332 154727
-54.051773 50.03326446437795 154729
-54.422035 50.418078117683265 154731
-55.308296 50.993430575713546 154733
-56.729305 51.41022053772435 154736
-54.401997 51.686062407751905 154738
-56.469448 52.18901434996341 154740
-58.931046 52.987170413631404 154743
-56.643192 54.38019729828305 154745
-55.000362 55.03483142630479 154747
-62.03005 56.295289708185486 154751
-54.85193 56.8431450301212 154753
-58.507347 57.556937614441786 154755
-55.995712 58.06006626543397 154757
-53.560986 58.3906933916274 154759
-55.60906 58.92594046378966 154802
-56.386868 59.115639458594956 154804
-56.8286 59.11913044494704 154806
-58.28952 59.43599819615401 154808
-61.35938 59.58561170628179 154810
-61.711998 59.79082641026411 154812
-58.535797 59.87511414817788 154814
-58.702225 59.66098233847356 154816
-62.132854 59.43621956896689 154819
-56.868427 59.008462739213094 154821
-57.628513 58.84742333296967 154823
-56.184814 58.66072645598529 154825
-62.249577 58.697696983589196 154827
-59.321423 58.82724918315374 154829
-57.178406 59.35829575123368 154831
-57.6283 59.733307103322446 154834
-56.43872 60.314044531518114 154836
-58.5617 61.12102135567916 154838
-60.183514 61.77013911894849 154840
-57.271793 62.57169070192664 154842
-58.953724 63.203174986549065 154844
-58.23026 63.86129692367008 154846
-61.502323 64.48315033170552 154849
-59.47882 65.20572781845054 154851
-58.25963 65.99725727427384 154853
-61.92883 66.40639880287193 154855
-64.66 67.31802640253301 154857
-58.577248 68.0203916920727 154859
-64.99042 68.21390590067597 154901
-57.510433 68.54990146359461 154903
-56.62014 68.69380714833588 154906
-59.888145 69.46299744380131 154908
-56.839394 70.45680127371058 154910
-62.936684 71.10802143195623 154912
-56.66361 71.6292125387476 154914
-61.47557 72.20030269220419 154916
-60.233818 72.44754241944601 154918
-56.828953 72.50911531893192 154921
-60.9258 72.23638564077673 154923
-58.009434 72.02470152490639 154927
-60.6852 71.9739594341425 154929
-63.701214 72.03573933441788 154931
-66.524734 72.5211262742866 154933
-60.744907 72.75411228184974 154936
-60.287605 72.52754788540521 154938
-62.640667 72.59533172948218 154940
-61.44524 72.9188732545002 154942
-65.60847 73.66238678955376 154944
-61.54963 74.45473832628078 154946
-63.629803 75.04556763458405 154948
-59.46973 75.5373052655353 154951
-61.36205 75.72765724588145 154953
-62.586716 75.46655751858215 154955
-69.561516 75.45488534599312 154957
-64.72465 75.07661289423872 154959
-59.95202 74.8193274911743 155001
-65.73507 74.94488856881499 155003
-66.06233 74.91823235164617 155005
-64.428665 74.94246825298033 155008
-65.22347 75.00776151178158 155010
-62.83575 74.7627543623869 155012
-59.995403 74.34018102669197 155014
-60.30271 73.6210294874056 155016
-58.140087 73.46806403050725 155018
-66.47572 72.95725601762675 155020
-61.373257 72.3316816422879 155022
-66.499725 71.84005535267842 155025
-60.757885 71.06578008475445 155027
-63.165726 70.45414361700158 155029
-67.953445 69.90795639901012 155031
-61.50297 69.3376194273803 155033
-61.190342 68.96540735906098 155035
-61.938675 68.36253365572841 155037
-66.47375 67.95354818313349 155040
-62.698753 67.43298535350834 155042
-63.900703 67.31660007756821 155044
-70.57583 67.43845686328801 155046
-66.84113 67.38213271993767 155048
-64.00326 67.50111907209394 155050
-61.980698 67.23636983910603 155053
-68.32081 66.63718279175647 155055
-66.48774 66.52391184749162 155057
-64.08791 66.44260889764398 155059
-60.861862 66.59447123722092 155101
-64.285576 66.62277305276221 155103
-57.790497 66.59072282619141 155105
-65.96886 66.34519888463066 155108
-57.287106 65.73401903432358 155110
-64.245445 65.49136696789758 155112
-62.880184 64.87235759384139 155114
-61.99127 63.87561265751704 155116
-61.18325 63.19035629533339 155118
-67.41576 62.48951187589264 155121
-66.25922 61.78286758482715 155123
-62.405346 61.301929524378934 155125
-60.901024 61.043919024149126 155127
-66.26583 60.79661546526403 155129
-57.737576 60.41521325331649 155131
-65.44316 60.186858852161556 155134
-62.885464 59.91198498849939 155136
-59.774807 59.381168998270766 155139
-61.336185 58.9199161741985 155141
-58.51953 58.35218390589986 155143
-56.851437 57.687114147719605 155146
-57.132374 57.16963616448179 155149
-54.834766 57.006225724626 155151
-60.867455 56.564906839912105 155153
-61.023098 56.028047951533836 155155
-56.853615 55.72482311407243 155157
-58.124157 55.23464542845649 155159
-62.57869 54.812315022846555 155202
-59.351467 54.5491749161949 155204
-61.113667 54.36018754708809 155206
-62.789104 54.03241370951257 155208
-60.710114 53.61766711336308 155210
-56.797543 53.0412605454582 155212
-58.18091 52.49591802268931 155215
-57.16509 52.10897884534479 155217
-56.72811 51.397456441229664 155219
-52.731224 51.13351583691354 155221
-54.178547 50.260501985900746 155224
-61.95867 49.79686802136274 155226
-52.600094 49.18342692920253 155228
-54.43431 48.56981390083606 155230
-58.70219 48.38491240698568 155233
-56.980007 47.944913638492636 155235
-53.888336 47.78680103626154 155237
-62.75562 47.52853154944119 155239
-56.692783 47.11652624146196 155241
-56.834034 46.48231559959408 155243
-53.39303 45.9239247830081 155246
-54.491154 45.43804067771184 155248
-52.568245 45.10332092387491 155250
-50.11419 44.81466243239281 155252
-52.010487 44.44838149711374 155254
-51.073406 44.33797689563468 155256
-50.82248 44.369566130385294 155258
-56.631084 44.27024568176456 155301
-51.043804 44.20409824485286 155303
-51.89887 43.91363423704691 155305
-51.972958 43.46134665443268 155307
-50.300457 43.07837809336585 155309
-54.147762 42.42329111977875 155311
-50.83074 42.114702931431154 155314
-50.372185 40.99796523520159 155316
-50.07361 40.509168754132304 155318
-50.08107 40.068415701419106 155320
-49.39459 39.56299553207855 155322
-50.348236 38.965808484362604 155324
-47.428417 38.75098178990473 155326
-49.135674 38.27151989985261 155329
-46.711086 37.20804048456841 155331
-46.865467 36.70332725879239 155333
-46.64353 36.31919358789363 155335
-48.62012 35.88861966769971 155337
-47.95723 35.527858521078194 155339
-46.771816 35.30512461624787 155342
-46.557415 35.17440719297426 155344
-46.381325 35.00583737694633 155346
-46.29307 34.877367149355265 155348
-45.9532 34.69150514352462 155350
-46.621994 34.495360788680735 155352
-45.438587 33.894045252745876 155354
-45.308475 33.78926163718783 155357
-44.106052 33.27078450874919 155359
-45.13856 32.80057320250123 155401
-44.2907 32.037063240142324 155403
-42.718857 31.402941743939866 155405
-43.924515 31.079494736529305 155407
-42.89663 30.46378927315685 155410
-44.10479 29.993797355212266 155412
-41.74795 29.24679656774971 155414
-42.260983 28.48035824550009 155416
-40.799515 27.549421455095153 155418
-40.642517 26.574051881279704 155420
-40.99966 25.97079011025153 155423
-40.00274 25.47316195070324 155425
-39.74937 24.64820178598678 155427
-39.08709 24.484950221277373 155429
-39.109318 24.3867730261003 155431
-39.553463 24.295792413050325 155433
-38.760227 23.60866646778715 155435
-37.095165 22.892978434901543 155438
-37.447136 22.09696141604256 155440
-36.651073 21.107946231048608 155442
-36.22506 20.21249025750795 155444
-35.97367 19.475411916471238 155446
-35.569664 18.846988808895897 155448
-35.21347 18.272488381454025 155450
-34.154575 17.756563029755355 155453
-32.936123 17.367787201685413 155455
-32.786636 17.319949761194003 155457
-32.08092 17.00753275590962 155459
-30.635128 16.432199630216232 155501
-29.546013 15.930183178572278 155503
-29.349434 15.630547479114542 155506
-28.323301 15.434125475791022 155508
-27.358318 14.778741454362981 155510
-26.46139 14.196281877374695 155512
-25.332512 13.811525537550748 155514
-24.43483 13.57823170917784 155516
-23.267294 13.250338435786919 155518
-22.137533 13.10700758228823 155521
-20.834011 12.521850611512223 155523
-19.954039 12.252722738521978 155525
-19.477854 12.037389783289091 155527
-18.88343 11.959354691824895 155529
-18.92182 11.890547370457634 155531
-19.48821 11.59478294806626 155534
-16.032969 11.183585472875514 155536
-11.970853 10.328834419900817 155538
-10.623038 9.884905290388543 155540
-10.6384115 9.129708623526207 155542
-10.856282 8.964467960506955 155544
-10.436063 9.24913206518172 155546
-10.416689 9.386261319916644 155549
-11.081428 9.131742950844819 155551
-6.8354363 9.277777365603043 155553
-5.4027987 9.32833226811094 155555
-5.396551 9.920418187098669 155557
-5.3968396 9.967120252848646 155559
-5.4115353 9.905700479227246 155602
-5.42368 9.654050031562178 155604
-5.3869724 9.504948421674063 155606
-5.394866 8.69922639222284 155608
-5.391537 8.203359742577376 155610
-5.3909535 8.170647686554133 155612
-5.394487 7.884079565559451 155614
-5.395082 7.725177738894428 155617
-5.411269 7.278369221308448 155619
-5.3936477 7.041787935183157 155621
-5.40639 6.7342579791824795 155623
-5.407198 6.6022350293445395 155625
-5.3990316 6.057934710492553 155627
-5.400445 5.751707665885728 155630
-5.432418 5.777262413775756 155632
-5.41648 5.44210591293993 155634
