-84.61739 8
-84.65794 15
-84.8056 10
-84.7599 12
-84.79165 13
-84.658585 14
-84.706825 14
-84.81203 14
-84.680725 10
-84.63108 10
-84.63581 10
-84.75521 10
-84.79385 10
-84.72544 10
-84.70957 10
-84.792915 10
-84.75856 10
-84.78859 10
-84.65746 10
-84.665726 10
-84.815636 10
-84.75859 10
-84.70853 10
-84.597466 10
-84.75568 10
-84.67411 10
-84.70152 10
-84.68966 10
-84.78871 10
-84.66917 10
-84.75178 10
-84.67518 10
-84.57874 10
-84.64308 10
-84.607475 10
-84.60564 10
-84.636795 10
-84.66418 10
-84.7574 10
-84.68064 10
-84.650505 10
-84.64884 10
-84.61325 10
-84.811646 10
-84.66877 10
-84.59813 10
-84.65001 10
-84.59925 10
-84.78485 10
-84.55822 10
-84.714935 11
-84.64174 11
