-4.780615 0.0 113226
-4.7784314 0.0 113228
-5.953141 0.0 113231
-13.298569 0.0 113233
-16.859154 0.0 113236
-19.815062 0.0 113238
-26.275347 9.232668806194289 113241
-30.09436 10.467183925280853 113243
-31.73512 12.702778796902399 113246
-34.691326 14.151225787050763 113248
-38.576454 16.837710560817925 113251
-43.21315 19.070023684223766 113253
-39.648724 21.061862119465268 113256
-42.969234 24.535150730559913 113258
-41.845142 27.02186917620135 113301
-35.286034 29.980685057281498 113303
-34.411106 32.09643553184214 113305
-32.235565 35.1067602771414 113308
-34.486336 37.36493687141519 113310
-33.77074 40.36082634293337 113313
-33.40053 40.106606652563784 113315
-30.795742 40.025424582306606 113318
-29.670902 40.025424582306606 113320
-30.257914 40.025424582306606 113323
-35.744 40.025424582306606 113325
-35.990353 40.025424582306606 113328
-36.871906 40.025424582306606 113330
-36.95858 40.025424582306606 113332
-36.696823 40.025424582306606 113335
-37.05664 40.025424582306606 113337
-36.943314 40.025424582306606 113340
-37.476326 40.025424582306606 113342
-37.73254 40.025424582306606 113345
-42.157597 40.025424582306606 113347
-41.295204 40.025424582306606 113350
-34.548935 29.307665802597903 113503
-37.525253 29.307665802597903 113506
-36.38111 29.307665802597903 113508
-33.8061 29.307665802597903 113511
-31.465107 37.752901183117515 113513
-33.63091 39.84218642354472 113515
-31.159796 41.93185835840497 113518
-31.762949 43.20758128126196 113520
-34.110382 45.61899389424939 113523
-43.97916 47.25040906861481 113525
-34.50102 47.67320543906095 113528
-36.402515 47.67320543906095 113530
-32.047264 44.58378047774297 113533
-28.319668 43.029379480900275 113535
-29.454262 41.88056649165022 113538
-30.11382 40.099817364096715 113540
-31.693275 37.619782956516836 113542
-35.722576 33.619159974343724 113545
-34.8964 32.165849384834715 113547
-40.0086 29.475930162258138 113550
-41.40757 27.317742285666835 113552
-40.295174 24.392348027138254 113555
-46.351967 24.69116318034178 113557
-39.17212 27.893065067593845 113600
-35.06695 29.915800732422532 113602
-36.368675 31.48315349464047 113605
-34.05597 34.117644254457566 113607
-34.820698 35.807913852968284 113610
-31.208714 36.06582203309513 113612
-32.561157 36.3831842180602 113614
-35.118908 36.3831842180602 113617
-33.48298 36.3831842180602 113619
-35.229668 36.3831842180602 113622
-42.074356 36.3831842180602 113624
-44.731087 36.3831842180602 113627
-45.2396 36.3831842180602 113629
-46.2552 36.3831842180602 113632
-46.05793 36.3831842180602 113634
-44.91603 36.3831842180602 113637
-40.86341 36.3831842180602 113639
-41.77552 36.3831842180602 113642
-42.711132 36.3831842180602 113644
-35.716957 36.3831842180602 113646
-36.29147 36.3831842180602 113649
-43.175594 36.3831842180602 113651
-35.28556 36.3831842180602 113654
-36.04205 36.3831842180602 113656
-47.747814 36.3831842180602 113659
-41.605736 36.3831842180602 113701
-33.409977 36.3831842180602 113704
-32.069275 36.3831842180602 113706
-41.069916 36.3831842180602 113709
-45.804703 36.3831842180602 113711
-32.970146 36.3831842180602 113713
-32.161972 36.3831842180602 113716
-31.669575 39.21842200423603 113718
-32.844822 42.13179012027633 113721
-34.572533 43.66595662561174 113723
-32.578545 46.232254594231684 113726
-34.32681 47.495157965103765 113728
-33.21697 49.19895919293365 113731
-32.551567 49.618792885191816 113733
-32.538025 49.550505555489885 113736
-33.045174 49.550505555489885 113738
-33.474453 49.550505555489885 113740
-35.782516 49.550505555489885 113743
-36.426453 49.550505555489885 113745
-37.361217 49.550505555489885 113748
-35.345768 49.550505555489885 113750
-39.944416 49.550505555489885 113753
-39.642796 49.550505555489885 113755
-36.37959 49.550505555489885 113758
-38.18801 49.550505555489885 113800
-40.304993 52.05901612979451 113803
-49.28223 55.68367041865435 113805
-51.4524 57.56977251100614 113807
-46.045555 57.99403993560275 113810
-42.692257 57.30813222493928 113812
-40.357365 54.66812621095672 113815
-30.415337 52.51578481542115 113817
-30.61726 48.6472341428215 113820
-29.53601 46.24304467070907 113822
-29.067636 43.86125090854114 113825
-28.610863 41.126473013880315 113827
-30.972704 38.99826206419192 113830
-36.881317 33.94472773628196 113832
-39.378323 30.95597102274797 113835
-39.0591 25.768825143741946 113837
-31.804928 21.756117511133688 113839
-24.986557 17.574859985004174 113842
-15.688723 15.107373700291545 113844
-17.625395 11.936908966433366 113847
-25.638544 10.177526485066918 113849
-12.853499 9.00670406483973 113852
-13.369622 9.00670406483973 113854
-13.535475 9.00670406483973 113857
-14.048046 9.00670406483973 113859

