 -1.7923524  43.52513428  -5.632174689  1019.1282971568482  6.238568392216019
 -2.84888  43.52513428  -5.632174689  1019.1054824098521  6.238568392216019
 -1.5075028  43.52513428  -5.632174689  1018.7208068096837  6.238568392216019
 -2.8178456  43.52513428  -5.632174689  1019.1389413033171  6.238568392216019
 -2.139099  43.52513428  -5.632174689  1019.1136661863997  6.238568392216019
 -8.961976  43.52513428  -5.632174689  1019.0488436313012  6.238568392216019
 -14.3877125  43.52513428  -5.632174689  1019.0842499370278  6.238568392216019
 -18.404503  43.52513428  -5.632174689  1019.0594148650009  6.238568392216019
 -22.811495  43.52513428  -5.632174689  1018.7662553994743  6.238568392216019
 -19.31493  43.52513428  -5.632174689  1018.7528298925456  6.238568392216019
 -28.621952  43.52513428  -5.632174689  1019.1355622078206  6.238568392216019
 -20.994246  43.52513428  -5.632174689  1018.9714837924045  6.238568392216019
 -23.24541  43.52513428  -5.632174689  1018.9466113207326  6.238568392216019
 -26.452948  43.52513428  -5.632174689  1019.0048008415408  6.238568392216019
 -26.712292  43.52513428  -5.632174689  1019.0519932865873  6.238568392216019
 -25.754541  43.52513428  -5.632174689  1019.0118040756985  6.238568392216019
 -27.755001  43.52513428  -5.632174689  1019.0446876139217  6.238568392216019
 -25.467321  43.52513428  -5.632174689  1019.0002266745614  6.238568392216019
 -23.572617  43.52513428  -5.632174689  1018.8768445705907  6.238568392216019
 -27.946821  43.52513428  -5.632174689  1018.5807949116726  6.238568392216019
 -29.495712  43.52513428  -5.632174689  1018.9157381533743  6.238568392216019
 -26.842089  43.52513428  -5.632174689  1018.9012875659338  6.238568392216019
 -30.569  43.52513428  -5.632174689  1019.1600132644692  6.238568392216019
 -30.00286  43.52513428  -5.632174689  1018.8289652237316  6.238568392216019
 -32.292995  43.52513428  -5.632174689  1018.8323034902162  6.238568392216019
 -33.824123  43.52513428  -5.632174689  1018.9471843994163  6.238568392216019
 -34.116436  43.52513428  -5.632174689  1018.9572321543246  6.238568392216019
 -34.236736  43.52513428  -5.632174689  1018.9807753323116  6.238568392216019
 -34.086075  43.52513428  -5.632174689  1019.0079566105436  6.238568392216019
 -34.108086  43.52513428  -5.632174689  1018.9784978737192  6.238568392216019
 -33.744026  43.52513428  -5.632174689  1018.9970980003786  6.238568392216019
 -34.59194  43.52513428  -5.632174689  1018.9909204594251  6.238568392216019
 -34.19241  43.52513428  -5.632174689  1018.9733564748366  6.238568392216019
 -34.475014  43.52513428  -5.632174689  1018.9887676348195  6.238568392216019
 -34.362156  43.52513428  -5.632174689  1018.9739541543662  6.238568392216019
 -34.31623  43.52513428  -5.632174689  1018.8729630268109  6.238568392216019
 -35.458595  43.52513428  -5.632174689  1018.9646925168132  6.238568392216019
 -35.65338  43.52513428  -5.632174689  1019.0237604423604  6.238568392216019
 -35.709465  43.52513428  -5.632174689  1019.0239872228822  6.238568392216019
 -36.669285  43.52513428  -5.632174689  1019.0792942747909  6.238568392216019
 -36.983784  43.52513428  -5.632174689  1018.67204236295  6.238568392216019
 -41.922413  43.52513428  -5.632174689  1019.0633323883122  6.238568392216019
 1.2941012  43.52523  -5.632228333  1018.5775872037469  7.514006457217405
 0.9337723  43.525235  -5.632226667  1018.5281777254968  8.082899705598415
 0.9121107  43.52524  -5.632228333  1018.2392021887654  8.616000663995093
 1.2321494  43.525246667  -5.632231667  1018.4503655999449  9.326223280600612
 1.2693938  43.525255  -5.632236667  1018.5021691788013  10.227474321520525
 -5.0420895  43.525265  -5.632241667  1018.5071629217164  11.332631818331441
 -24.11785  43.525276667  -5.63225  1018.3986902447064  12.649684050494404
 -18.956863  43.525296667  -5.632243333  1018.6334382602129  14.851999123926444
 -17.90054  43.525301667  -5.632233333  1018.6503410176061  15.418779644743926
 -17.595133  43.525431667  -5.631978333  1018.3570080237903  36.63222580402492
 -25.705093  43.525446667  -5.63194  1018.5245415467679  39.81712448017279
 -33.37303  43.525491667  -5.632035  1018.3774281413012  40.13418820480176
 -30.011463  43.525496667  -5.632091667  1018.3538423409748  38.98761247001009
 -22.685146  43.52545  -5.632093333  1018.4949233255539  34.047967376324955
 -25.267012  43.525395  -5.632063333  1017.875448250468  29.507554492289515
 -22.949852  43.525353333  -5.632  1018.5350840062134  28.75361453622955
 -21.749252  43.525338333  -5.631951667  1018.4454065235919  30.439914130474705
 -31.992659  43.525336667  -5.631886667  1018.452828224606  34.53764548971957
 -29.335306  43.5254  -5.63202  1018.4159667691154  31.82054540495758
 -28.97898  43.525406667  -5.632031667  1017.6547526377342  31.926340031427518
 -33.28268  43.525401667  -5.632025  1018.3573469045721  31.74987832513426
 -38.304203  43.525333333  -5.63201  1018.6019337748965  26.587256607444157
 -28.447443  43.525266667  -5.63199  1018.3556100286853  23.332521999727533
 -30.817245  43.525243333  -5.631956667  1018.4349054483611  24.65829888454085
 -28.417881  43.525246667  -5.63203  1017.7569784832787  19.426280814886773
 -38.593483  43.52527  -5.632051667  1018.3816193680633  19.380564210897283
 -34.725815  43.525273333  -5.632041667  1018.3612259545624  20.247207760318616
 -42.40328  43.525325  -5.631973333  1018.3514945478726  28.146025182587806
 -43.19931  43.525393333  -5.631923333  1018.2878901173723  36.25470297412422
 -46.470222  43.52544  -5.631858333  1018.2888944710579  43.63672090594891
 -41.1428  43.525456667  -5.631786667  1018.3076715184112  49.12842522751992
 -34.47749  43.525466667  -5.631693333  1018.3452670100426  55.66459450970714
 -34.4514  43.525528333  -5.63152  1018.6061512283536  71.02794399760283
 -34.358364  43.525581667  -5.631433333  1018.6247235163767  80.16841112791025
 -34.935383  43.52555  -5.631413333  1018.5665260025075  79.53491686944537
 -34.271793  43.525481667  -5.631456667  1018.5532932805382  72.6226132280512
 -40.87888  43.525548333  -5.631298333  1018.3309702454716  87.4098130900325
 -40.16097  43.525643333  -5.63135  1018.3416826863323  89.6461171945619
 -41.386208  43.525701667  -5.631541667  1018.3813362504673  82.32886405484011
 -46.83229  43.525688333  -5.631686667  1018.3821953492588  73.58582290344239
 -44.273987  43.525716667  -5.631781667  1018.396919360775  71.85327009539013
 -38.566353  43.525703333  -5.631855  1017.8773160978428  67.65858426305215
 -32.44405  43.525698333  -5.6319  1018.3854420524239  65.5552002994893
 -30.154715  43.525668333  -5.631938333  1018.4092697160397  61.244208702323895
 -37.294647  43.525631667  -5.631955  1018.4890132018045  56.97278543731343
 -26.400887  43.525596667  -5.631981667  1018.4327008353605  52.54536686837358
 -23.399557  43.525575  -5.63196  1018.4592071355725  51.10139446163579
 -19.745905  43.52556  -5.631978333  1018.4565801123119  48.953237954888294
 -4.1005907  43.525586667  -5.632006667  1018.4829904950278  50.73980550738812
 -2.2617948  43.525516667  -5.6321  1018.4461516956394  40.913437280944386
 -1.891001  43.525423333  -5.632081667  1018.4425945960171  31.662331751059675
 -0.6513979  43.525383333  -5.632083333  1018.4496366948187  27.599286197426
