 -11.145954  43.525253333  -5.63258  1018.2795937602203  29.185675511736815
 -2.2465003  43.525243333  -5.632605  1017.8016532809817  30.750611007713815
 -9.432022  43.525253333  -5.632533333  1018.3466759592612  25.675849516763314
 -2.2347636  43.525151667  -5.632528333  1018.3394420288791  23.26298855547583
 -2.7863102  43.52512  -5.632508333  1018.2417046910615  22.133768963102593
 -9.940147  43.525096667  -5.63247  1018.2156492472891  19.926059509260845
 -16.750504  43.525081667  -5.632445  1018.1326962345931  18.805357570863904
 -18.708687  43.525066667  -5.632378333  1018.502095170118  15.421274125016945
 -22.451546  43.52509  -5.632218333  1018.4512320881779  8.314952719625264
 -22.869314  43.525083333  -5.632183333  1018.2728409754819  10.00392567516192
 -22.642605  43.525115  -5.63222  1018.2204573429378  5.596649198862288
 -20.600334  43.525163333  -5.632253333  1018.613980034175  0.9977239396984992
 -24.360886  43.525176667  -5.632266667  1018.5106878067793  2.5712438376745603
 -27.076483  43.525181667  -5.632266667  1018.5359855410695  2.933756661891015
 -25.02111  43.525191667  -5.632268333  1018.2843926257416  3.8764488767876824
 -29.50697  43.525216667  -5.632318333  1018.2410177354709  8.639305971251702
 -30.086885  43.52522  -5.632326667  1018.1006909390745  9.384503798363669
 -27.571186  43.525218333  -5.632316667  1018.5507169117928  8.67255836795501
 -23.454733  43.525233333  -5.632275  1018.5652937920585  8.283535378282293
 -24.644266  43.525248333  -5.632255  1018.4808957574978  9.548067938304886
 -26.853426  43.52531  -5.632223333  1018.3348440429307  16.394469258410023
 -32.815575  43.525368333  -5.63227  1018.2262270687581  22.933257510216695
 -34.562763  43.525423333  -5.632331667  1018.2282252209548  29.83806774243501
 -36.97403  43.525348333  -5.632233333  1018.3145378144118  20.600374678375832
 -32.92296  43.525296667  -5.632113333  1018.2490926858501  18.085048669575322
 -30.841143  43.525243333  -5.632048333  1018.286015930047  17.951737302824863
 -30.592981  43.52524  -5.632008333  1018.4776566959225  20.663598810636305
 -29.445808  43.525255  -5.632026667  1018.494437921798  20.117524702223065
 -28.411121  43.525275  -5.631976667  1018.1965058440422  24.728444759140547
 -28.558868  43.525291667  -5.631965  1018.3759480814771  26.499251672966402
 -30.48548  43.525295  -5.632003333  1018.3114695393904  24.171188350993912
 -32.74927  43.525293333  -5.632016667  1018.1698545898836  23.20747770568558
 -33.464916  43.525301667  -5.632025  1018.2248447496361  23.286885391912858
 -34.684746  43.525321667  -5.63206  1017.6062943385384  22.910085187650623
 -37.54903  43.525323333  -5.632071667  1018.2789097542322  22.465953441269743
 -41.866096  43.52532  -5.632075  1018.1740905539943  22.008151319847418
 -44.623146  43.525298333  -5.632033333  1018.2184225254869  22.537288369057876
 -38.72642  43.525283333  -5.631985  1018.236530028656  24.638509210319405
 -37.379807  43.525256667  -5.631918333  1018.2229037706113  28.084619010192988
 -36.414104  43.525241667  -5.631855  1018.3491980564256  32.40628968684276
 -40.29488  43.525246667  -5.631856667  1018.4034673073614  32.43137413659681
 -41.690895  43.525278333  -5.63177  1018.4275444039674  40.17532414243799
 -39.7624  43.525295  -5.631745  1018.2699179862889  42.69589307441818
 -39.260334  43.525311667  -5.631741667  1018.2031631275257  43.61609114881411
 -37.759727  43.525336667  -5.631751667  1018.189980711814  44.01384851515772
 -32.9426  43.52534  -5.631746667  1018.0034822353191  44.53975891172235
 -39.87338  43.52535  -5.631751667  1018.1609983859148  44.68307726811836
 -40.15141  43.525398333  -5.631845  1018.2301876071438  41.33408909386345
 -42.53978  43.525408333  -5.631905  1017.4028087341692  38.48112495680085
 -44.364414  43.525413333  -5.631936667  1018.2084046627054  37.13306383945167
 -40.650806  43.525381667  -5.63189  1018.1654453720125  37.35525984681997
 -39.697945  43.525348333  -5.631851667  1018.1237456508741  37.611917008221376
 -32.711227  43.525296667  -5.631863333  1018.1692986344341  33.95192045531826
 -35.48846  43.525268333  -5.631893333  1018.1534055642443  30.44549492435401
 -38.15268  43.525253333  -5.631881667  1018.3200913013238  30.734409027790058
 -32.70851  43.525236667  -5.63186  1018.3879792692911  31.87007568289116
 -37.219875  43.525256667  -5.631806667  1018.1522579924729  36.622495531070264
 -39.151066  43.52527  -5.631795  1018.2331139539502  37.965232895823924
 -38.718727  43.525256667  -5.631731667  1018.2258228853258  42.47073717843798
 -38.183716  43.525258333  -5.631678333  1018.613951347112  46.70456709897146
 -36.206398  43.525266667  -5.631651667  1018.4767468722806  49.015880985481644
 -37.54507  43.525271667  -5.631591667  1018.2353802664405  53.86451970071658
 -37.585926  43.525301667  -5.631581667  1018.2287776633618  55.48428536547108
 -32.782166  43.525321667  -5.631571667  1018.4562353620355  56.909982950816406
 -35.80922  43.525345  -5.631551667  1018.2157493628047  59.28285853895496
 -39.817837  43.525368333  -5.631555  1018.3002033121534  59.96712924411581
 -37.018818  43.525356667  -5.631536667  1018.2381449796349  60.87023130582102
 -38.37708  43.525341667  -5.631528333  1018.3635870264017  60.9378843916986
 -40.599693  43.52531  -5.631501667  1017.4689302633893  61.961101230031005
 -50.28572  43.525205  -5.63146  1018.3209315435753  63.31062655028226
 -37.46652  43.525125  -5.631441667  1018.327629484243  64.75833463335853
 -31.49223  43.52507  -5.631456667  1018.2193172340272  64.24429810400568
 -33.891254  43.525076667  -5.631561667  1018.3175182494379  55.75074539116309
 -26.968023  43.52509  -5.631611667  1017.6702310092693  51.51965771313101
 -25.064966  43.525243333  -5.631826667  1018.2719927143755  34.664643148509114
 -20.202177  43.525251667  -5.631881667  1018.275753052912  30.674465052633565
