 -17.069063  43.525275  -5.63208  1018.198710640681  18.00695980578457
 -22.71065  43.525293333  -5.631906667  1018.2721449364627  30.663012485579237
 -24.810598  43.525333333  -5.63179  1018.4357202196261  41.078966561637486
 -29.87454  43.525421667  -5.631625  1018.4673655041638  57.496738745323626
 -27.948315  43.525518333  -5.631458333  1017.4011048925179  74.5790339491738
 -26.207443  43.525628333  -5.63118  1018.3202299758025  100.15032749963194
 -27.80818  43.525835  -5.630921667  1018.1719515994178  130.19331817532378
 -27.981884  43.525853333  -5.631041667  1018.1936404865289  123.62562431259002
 -26.057022  43.52575  -5.631163333  1018.2613158934425  108.82771514971304
 -35.13861  43.5257  -5.631208333  1018.3136494804942  102.61142171508556
 -28.054646  43.5257  -5.63122  1018.2605256372959  101.84552671948799
 -32.63371  43.525678333  -5.631321667  1018.2021757816794  93.81795594540466
 -28.784636  43.525605  -5.631526667  1018.2240959111479  75.80539059038735
 -30.390524  43.52557  -5.631638333  1018.3885699111462  66.47190824736437
 -34.534607  43.525555  -5.631741667  1018.1359039272082  59.38301826602363
 -32.77634  43.525555  -5.631795  1018.1463631602709  56.54057421406271
 -33.648857  43.525521667  -5.631876667  1018.1777443037671  49.55261785331208
 -31.73446  43.52548  -5.631906667  1018.1018250576385  44.39549390803071
 -31.529335  43.525431667  -5.631871667  1018.1348879117941  42.21968872411171
 -31.295414  43.525393333  -5.631838333  1018.1217097616345  41.40732401103514
 -32.49839  43.52536  -5.63182  1018.1516712113723  40.4651274946105
 -34.510105  43.525408333  -5.631775  1018.1422981396181  46.49942257517046
 -40.32724  43.525433333  -5.631728333  1018.2721910257692  51.18415566425561
 -35.4042  43.525433333  -5.631696667  1018.3698727052044  53.278229800709646
 -46.76021  43.525446667  -5.631666667  1018.1247645516967  56.11673266687183
 -44.40219  43.525445  -5.631645  1017.4664459272667  57.4732492384165
 -31.4273  43.525396667  -5.63162  1018.1108704275663  56.51872124355191
 -32.530575  43.525371667  -5.631591667  1018.0248015970415  57.38549419254316
 -37.806213  43.525368333  -5.631551667  1018.122623585506  60.21640639107476
 -38.60802  43.52539  -5.631508333  1018.0141770137201  64.37680153933822
 -36.654747  43.525358333  -5.631473333  1018.1126317764193  65.74558346096102
 -38.09245  43.525356667  -5.631385  1018.182862955801  72.46956271910095
 -37.639534  43.525381667  -5.631335  1018.2995241894541  77.16777263991669
 -38.482365  43.525365  -5.631308333  1018.2440758849689  78.66874525913752
 -39.36999  43.525325  -5.631346667  1018.2894373262349  74.50718554578069
 -42.985447  43.525365  -5.631463333  1018.291662328735  66.75460319369373
 -45.43568  43.525361667  -5.63151  1017.4540042844129  63.08371834107079
 -35.21007  43.525345  -5.631635  1018.1619108168795  52.99981403292651
 -31.721863  43.525243333  -5.631771667  1018.2373000654322  38.97791779156383
 -35.602882  43.525141667  -5.631856667  1018.225302287977  31.160940319965427
 -28.033379  43.52507  -5.631866667  1018.2473808840809  31.977591271107627
 -26.749685  43.525011667  -5.631848333  1018.0547006154807  35.922214340379504
 -18.8808  43.524993333  -5.631911667  1018.2273041347213  32.62202836018196
