 -78.79515  43.5242697  -5.6354072  1009.7267977794004  4853530.291742786 -120987.53701290033 10:50:58
 -70.85632  43.5242702  -5.6354034  1009.7595623773616  4853530.3029630445 -120988.55802708119 10:51:01
 -83.3838  43.5242704  -5.6354022  1009.7267273662142  4853530.3111366 -120987.5348186476 10:51:03
 -71.739365  43.5242699  -5.6354015  1009.7181418351844  4853530.248089804 -120987.26727088857 10:51:06
 -81.387794  43.5242673  -5.6354019  1009.7401264608819  4853529.966775166 -120987.95236604674 10:51:08
 -80.42484  43.524267  -5.6354019  1009.7401253092222  4853529.9337842325 -120987.9523301585 10:51:11
 -80.46894  43.5242655  -5.6354005  1009.738483824945  4853529.752705754 -120987.90117787714 10:51:13
 -72.82663  43.5242646  -5.6353998  1009.7094136046169  4853529.645671047 -120986.99527434791 10:51:16
 -80.922874  43.5242622  -5.6353994  1009.7134244628307  4853529.377136764 -120987.12026435754 10:51:18
 -72.29022  43.5242617  -5.6353991  1009.7583217479577  4853529.318696771 -120988.51936693325 10:51:20
 -82.573296  43.52426  -5.6354001  1009.7511631436533  4853529.143265138 -120988.29629174851 10:51:23
