 -5.2151103  43.5251281  -5.632266  None  2.207818367225491
 -5.047433  43.525128  -5.632268  None  2.0637534398580213
 -18.294413  43.5251344  -5.6322601  None  2.994538264724949
 -21.680971  43.5251886  -5.632212  None  10.035336394760119
 -28.973694  43.5252616  -5.6321614  None  19.015840945843525
 -32.281914  43.5253315  -5.6321043  None  28.04534006185509
 -34.93391  43.5253949  -5.6320422  None  36.684978107322415
 -39.98161  43.5254722  -5.6320101  None  45.36870593480556
 -40.8163  43.5255451  -5.6319488  None  54.86088723573313
 -42.301197  43.5256165  -5.631907  None  63.426671745783
 -37.63582  43.5255955  -5.6318666  None  63.108658943607786
 -34.104828  43.5255304  -5.631924  None  54.5152898320268
 -57.36727  43.5254542  -5.6319008  None  48.809392574020066
 -46.196358  43.52541  -5.6317631  None  53.51116901876428
 -43.868786  43.5254168  -5.6316442  None  61.8359102097691
 -41.367294  43.5254665  -5.6316318  None  65.77446339468803
 -39.371147  43.5254824  -5.6317096  None  61.941729671062944
 -38.67105  43.525464  -5.6317908  None  55.70426992650098
 -46.082226  43.5253901  -5.6317453  None  53.38068469590771
 -49.11914  43.5253318  -5.6316836  None  54.440979798668536
 -39.647316  43.5252802  -5.6316834  None  52.21152506886357
 -38.007256  43.5252473  -5.6317772  None  43.84059887262782
 -36.818092  43.5252337  -5.6318169  None  40.31507067549102
 -35.021008  43.5252228  -5.6318548  None  37.0253571633275
 -34.09956  43.5252123  -5.6318946  None  33.60435422654472
 -33.953842  43.5252107  -5.6318998  None  33.14953658924771
 -30.304552  43.5252093  -5.6319018  None  32.947705579054805
 -30.00434  43.5252087  -5.6319032  None  32.819522127234976
 -29.999855  43.5252085  -5.6319038  None  32.76653951325728
 -29.633167  43.5252078  -5.6319046  None  32.68118443694219
 -29.533346  43.5252075  -5.6319059  None  32.57093014066199
 -29.136543  43.525206  -5.6319111  None  32.11976316821304
 -35.010685  43.5252053  -5.6319291  None  30.712043225171456
 -26.209211  43.5251749  -5.6319829  None  25.585064117680577
 -26.625954  43.5251697  -5.6319799  None  25.685077617184056
 -24.754778  43.5251678  -5.6319797  None  25.65457658211073
 -37.895214  43.5251595  -5.6320104  None  23.035296866937625
 -29.251577  43.5251427  -5.6320958  None  15.904005019545954
