-5.2151103 2.207818367225491
-5.047433 2.0637534398580213
-18.294413 2.994538264724949
-21.680971 10.035336394760119
-28.973694 19.015840945843525
-32.281914 28.04534006185509
-34.93391 36.684978107322415
-39.98161 45.36870593480556
-40.8163 54.86088723573313
-42.301197 63.426671745783
-37.63582 63.108658943607786
-34.104828 54.5152898320268
-57.36727 48.809392574020066
-46.196358 53.51116901876428
-43.868786 61.8359102097691
-41.367294 65.77446339468803
-39.371147 61.941729671062944
-38.67105 55.70426992650098
-46.082226 53.38068469590771
-49.11914 54.440979798668536
-39.647316 52.21152506886357
-38.007256 43.84059887262782
-36.818092 40.31507067549102
-35.021008 37.0253571633275
-34.09956 33.60435422654472
-33.953842 33.14953658924771
