-23.231747 82.63527328358647 160551
-20.857286 82.90982899480376 160553
-21.416777 83.4925042127856 160555
-19.895779 84.09676008259224 160558
-19.46853 84.57816931330666 160600
-19.815784 85.55684070214892 160602
-19.42859 87.19673091922837 160605
-19.20627 87.81174667110072 160607
-19.36387 88.24833204388057 160609
-19.251188 88.67537154362802 160612
-19.328373 88.99313258002549 160614
-18.75374 89.19847702162622 160616
-18.884352 89.38356024776914 160618
-19.29061 90.09238590511268 160621
-19.020357 90.90519167581587 160623
-19.496122 91.54851711558526 160625
-19.941092 92.1208605244977 160628
-21.82614 93.06650048929477 160630
-23.607586 93.43169594635825 160632
-25.979795 93.68009449042951 160634
-20.676723 94.00266880556234 160637
-20.806105 94.57335961548696 160639
-19.594875 94.83362747905541 160641
-21.462397 95.26207197272272 160644
-23.940723 95.50861135847481 160646
-22.860111 95.66538390347027 160648
-26.05653 95.99101904831966 160650
-23.83952 96.72509147178776 160653
-24.228662 97.22695651357284 160655
-21.87082 97.90939028122764 160657
-22.849306 98.62247505640671 160700
-19.321522 98.645863249132 160702
-18.163315 98.91453409375747 160704
-21.931267 99.13842201493479 160707
-17.668013 98.87459352829151 160709
-19.435427 98.45177472207791 160711
-22.567675 98.14525030922373 160713
-23.190184 98.05468506307486 160716
-21.135916 98.11088208933504 160718
-22.373003 97.81033033776686 160720
-25.20105 96.81379996314335 160723
-30.518515 95.36626150316569 160725
-34.741512 94.61152721742849 160727
-31.66806 94.23895986063911 160729
-28.43372 93.82629619469911 160732
-27.471996 93.38041293130391 160734
-27.664568 93.26487885114818 160736
-27.188427 92.57177383832446 160739
-27.592499 91.77420049098035 160741
-27.843428 90.51144651672864 160743
-28.093708 89.42410475603667 160746
-28.934105 87.7317678675046 160748
-29.22973 87.18836934083423 160750
-29.8076 86.53949286025275 160752
-29.640331 86.40209464492989 160755
-30.5529 86.49109327003845 160757
-31.801386 86.4451521941946 160759
-30.63072 85.26779499771024 160802
-31.288778 84.73770884883102 160804
-30.661476 84.35051648664313 160806
-30.32677 84.2915644369888 160808
-31.555754 83.95971818690089 160811
-33.12085 83.21155582246615 160814
-32.085484 81.57420345509658 160816
-31.99659 80.00157946515051 160818
-30.91192 78.46946093882171 160820
-30.6635 76.90153493174522 160823
-31.20467 76.49643050043078 160826
-33.075348 75.71929153191196 160828
-35.089043 74.9212022944995 160831
-30.888882 73.34822412236139 160833
-33.062668 72.1920141075338 160835
-34.79051 72.39328567476791 160837
-34.055965 72.16630641412802 160839
-33.894917 72.2412569541713 160841
-33.340797 71.8594580206654 160843
-31.787703 71.85704885137848 160846
-34.23313 71.11731919392204 160848
-34.610523 70.48070960958785 160850
-33.473755 70.20903727321387 160852
-33.212334 69.66050112189208 160854
-35.211514 69.01887367083123 160856
-38.391907 68.31055850644526 160858
-37.80264 67.47144025280168 160900
-40.130672 66.85457301737142 160903
-37.219578 66.45370621399972 160905
-39.54337 66.43881556169583 160907
-39.573315 66.30177612457798 160909
-37.487797 66.37370436058866 160911
-38.127193 66.44828411988016 160913
-40.193623 66.52269278740192 160915
-41.754875 66.34982915099847 160917
-41.12531 66.47388802098992 160920
-39.959145 66.72215990835873 160922
-41.359882 66.8560686844801 160924
-40.90739 67.05187860493321 160926
-42.649776 67.13410991642573 160928
-40.50296 67.59567475289542 160930
-41.684208 67.43797435363959 160932
-42.39637 66.92439416885428 160935
-41.870766 66.272186642461 160937
-41.090256 65.88877110448905 160939
-40.8744 65.76209817177443 160941
-42.002785 65.49687158728001 160943
-42.841156 65.39673551964103 160945
-45.34307 65.06390758811088 160947
-44.038795 64.56196836964614 160949
-47.04148 64.17327579025797 160952
-44.825813 63.382314343249256 160954
-43.359173 62.847078503752996 160956
-42.29787 61.79862884828466 160958
-41.954594 60.6016022862638 161000
-42.930138 59.382323504329015 161002
-44.10101 58.68426404030322 161004
-44.295536 57.874587752365336 161006
-45.9617 56.85765335065186 161009
-43.929752 56.17772690632789 161011
-44.34346 56.23238997907605 161013
-43.51511 56.03762704692795 161015
-46.136616 55.87983252051096 161017
-43.246204 55.17378970276553 161019
-46.23303 54.63465645087807 161021
-46.30739 54.04050433046976 161024
-46.603153 53.57413701107581 161026
-43.894283 53.01499154238509 161028
-47.358624 52.514150880399306 161030
-45.68928 51.88225541610448 161032
-46.12504 51.275782149967334 161034
-46.463223 50.90626437501447 161036
-46.334328 50.03883866223423 161039
-45.222996 49.29478212595334 161041
-48.707836 48.03843507947271 161043
-48.586216 47.54182506155978 161045
-45.003876 46.60798490712665 161047
-47.167225 45.32339636198187 161049
-46.918343 44.23754236417504 161052
-46.050804 43.1291014525551 161054
-45.97239 42.120916490337684 161056
-48.294106 41.15261002283306 161058
-48.19294 40.22316653159601 161100
-48.374573 39.69715123192787 161102
-45.512184 39.54401147772969 161104
-45.339222 39.31486427359937 161107
-45.073204 39.41390139465695 161109
-46.748344 39.27386097727711 161111
-47.55039 38.64492988029534 161113
-46.777184 38.03931379756571 161115
-47.655613 37.341472571489845 161117
-48.944077 37.11093028095544 161120
-46.518425 36.97015725167985 161122
-49.42804 36.997176502291474 161124
-49.305443 37.012262376962916 161126
-46.13786 37.24075201939386 161128
-44.823624 37.22496127453918 161130
-46.771114 37.292353206506526 161132
-46.15928 37.90946724763374 161135
-45.184288 38.02932750836774 161137
-43.93533 38.162652103713796 161139
-47.113304 38.67492913748005 161141
-45.794865 38.97449273327134 161143
-48.11592 38.9703828634761 161145
-45.53396 38.8666144349489 161148
-50.903133 38.704472520225174 161150
-50.317898 39.143610230741395 161152
-45.012707 39.70259277467634 161154
-44.584805 39.96907686687227 161156
-47.42792 39.906269826767556 161158
-45.617634 40.20072901000118 161200
-45.098278 40.102127773747775 161202
-44.96634 37.08757056130143 161205
-45.85427 32.96766065263303 161207
-45.01595 29.968157494241215 161209
-49.3823 27.450497014345917 161211
-47.515884 25.663569349238742 161213
-43.51583 23.428070686728077 161215
-43.69973 21.939796586802828 161217
-42.921665 21.474218200042404 161220
-43.32921 19.764865039956923 161222
-44.233425 18.833785202978056 161224
-43.48603 19.70257864466977 161226
-47.141663 20.743277193788423 161228
-44.900795 20.743277193788423 161230
-45.706608 20.743277193788423 161232
-42.976917 20.743277193788423 161234
-44.97836 20.743277193788423 161237
-40.65727 20.743277193788423 161239
-41.510468 20.743277193788423 161241
-40.954197 20.743277193788423 161243
-42.149506 23.96445579563745 161245
-40.699398 24.5804052086365 161247
-42.203796 24.941977373209028 161249
-41.259865 24.941977373209028 161252
-41.25825 26.758804257345744 161254
-41.4589 27.417394489351484 161256
-39.111126 27.74429019079275 161258
-39.924316 26.315827388872346 161300
-39.96168 23.558348798164047 161302
-39.423565 21.50578102358196 161304
-37.63568 24.714589848412725 161307
-37.750168 24.548843548371604 161309
-38.938957 22.014139602747417 161311
-39.496464 23.72153432447008 161313
-37.66572 27.761875882081952 161315
-36.052395 28.77024653148079 161317
-35.41928 31.377942577478592 161319
-34.157677 29.609509386183465 161321
-33.37226 20.788335319648013 161324
-35.366013 16.095019188430374 161326
-34.143417 16.095019188430374 161328
-34.609287 13.543151119068982 161330
-33.154724 13.155311863016205 161332
-32.595024 12.794636795142477 161334
-32.50632 12.510347747286575 161336
-35.140553 12.822884559959341 161339
-33.75208 13.62086488635301 161341
-31.783642 14.310648400930981 161343
-31.30927 14.310648400930981 161345
-32.126568 14.310648400930981 161347
-32.05456 15.413771564709524 161349
-31.76186 15.993032239979083 161351
-30.74682 17.166266955173132 161353
-30.51518 18.60728445514184 161356
-29.90564 19.794176090161137 161358
-30.304642 21.219721907230458 161400
-28.429535 22.157836702986245 161402
-28.347107 23.461756558781182 161404
-28.260967 24.983822798288642 161406
-27.44515 26.602240530790315 161408
-28.131346 28.866843314769483 161411
-27.905434 30.423354573097583 161413
-27.621134 32.28586833470171 161415
-26.835207 34.48716222105976 161417
-27.875467 36.356704145362535 161419
-30.39282 38.01295529010476 161421
-30.939644 38.71660538500162 161423
-31.166925 42.241746130009176 161426
-28.354439 44.20566589448892 161428
-25.783716 45.895421756570954 161430
-23.63357 47.64917178926422 161432
-21.193039 49.26785798462245 161434
-20.708431 50.394852552994294 161436
-21.253815 51.62065452388086 161438
-21.630228 51.62065452388086 161440
-17.010838 51.62065452388086 161443
-18.909876 51.62065452388086 161445
-18.125908 51.62065452388086 161447
-18.64288 56.06651880485235 161449
-18.407543 56.460209941344864 161451
-18.719498 56.460209941344864 161453
-18.340296 56.460209941344864 161455
-17.733059 56.460209941344864 161458
-19.63647 56.460209941344864 161500
-20.44721 56.04480331817294 161502
-19.047613 55.923157637277875 161504
-18.181847 56.28442495797251 161506
-19.297447 56.28442495797251 161508
-18.787157 56.28442495797251 161510
-18.940445 56.28442495797251 161513
-19.417494 56.28442495797251 161515
-19.306997 56.28442495797251 161517
-19.554794 57.21800984172639 161519
-19.598122 57.77199770908354 161521
-18.927603 58.31293988077233 161523
-19.460047 58.73408515255239 161525
-34.134285 58.73408515255239 161527
-21.467607 60.61800920991578 161530
-22.19912 60.789175064314364 161532
-23.265587 60.797234308430426 161534
-22.737976 60.797234308430426 161536
-74.70197 60.797234308430426 161538
-73.27429 60.797234308430426 161540
-73.14072 60.797234308430426 161542
-77.04952 60.797234308430426 161544
-77.37061 60.797234308430426 161547
-74.96596 60.797234308430426 161549
-75.1276 60.797234308430426 161551
-75.219505 60.797234308430426 161553
-74.71866 60.797234308430426 161555
-75.97228 65.94651607142808 161557
-75.391 66.59287472676236 161559
-76.07376 66.74971386648063 161602
-75.91738 66.84058588380363 161604
-75.36167 67.15558308037451 161606
-75.43703 67.5001778326202 161608
-75.392136 68.14603999000948 161610
-72.58059 69.12097690944461 161612
-74.5608 70.53300133280786 161615
-73.09377 71.54253890386455 161617
-74.16989 72.78103948773358 161619
-73.983154 73.62567900297736 161621
-75.3818 74.37215288819586 161623
-72.90242 75.36848707506243 161625
-74.70445 75.46475148124881 161627
-73.79526 75.69134352578617 161630
-73.37355 75.92565141925806 161632
-73.49313 76.07341084391015 161634
-73.59296 77.42056035191658 161636
-74.375404 79.11508747837534 161638
-73.75092 79.90824300229895 161640
-74.11575 81.12342819563274 161642
-75.117386 81.97234709932097 161645
-74.393745 82.10273427726051 161647
-75.05868 81.74690004753839 161649
-75.0603 82.33817702940931 161651
-74.59037 82.18160065350995 161653
-75.60869 82.28939720465965 161655
-75.12602 81.98048357646704 161657
-74.432365 81.51020837905483 161700
-75.14146 81.51020837905483 161702
-75.164925 82.20907895136438 161704
-76.0725 82.8247775059122 161706
-75.08685 82.61038537453081 161708
-73.691475 82.56208865326077 161710
-73.548164 83.22947420340515 161712
-75.49887 83.51278390472537 161714
-77.37391 85.14550647780197 161717
-74.18639 86.62890284216368 161719
-72.92686 88.7947967028698 161721
-74.56431 89.18843954242723 161723
