 -13.928508  43.522074  -5.6308757  1009.8623765176177  9.00670406483973 31.149560011254195 11:39:29
 -13.999662  43.522074  -5.6308757  1009.8457637878514  9.00670406483973 31.28833364425527 11:39:31
 -13.83862  43.522074  -5.6308757  1009.8659033736745  9.00670406483973 31.120098827971827 11:39:34
 -13.994577  43.522074  -5.6308757  1009.8525666767143  9.00670406483973 31.231505818337407 11:39:37
 -13.976697  43.522074  -5.6308757  1009.8881960486684  9.00670406483973 30.93388147882063 11:39:39
 -14.017157  43.522074  -5.6308757  1009.8714030690146  9.00670406483973 31.07415792665476 11:39:41
 -21.322685  43.522074  -5.6308757  1009.8802713517817  9.00670406483973 31.000078449232074 11:39:44
 -24.701677  43.522074  -5.6308757  1009.8123591009601  9.00670406483973 31.56738367284257 11:39:46
 -30.960842  43.522029  -5.6309509  1009.8494884398057  13.531273813669847 31.257219783904628 11:39:49
 -36.41519  43.5220063  -5.6309633  1009.8594789860608  16.205202015771064 31.17376426760775 11:39:51
 -41.97976  43.5219637  -5.630995  1009.8048836344949  21.435204297392612 31.62983189534856 11:39:54
 -43.773666  43.521936  -5.6310328  1009.8768356861569  25.340264759463967 31.02877755214457 11:39:56
 -45.646126  43.521914  -5.6310811  1009.8322060970545  29.16308809305796 31.401588527137456 11:39:59
 -47.517212  43.5219006  -5.6311021  1009.8822094851187  31.26678670235692 30.98388869902636 11:40:01
 -49.891796  43.5218849  -5.6311306  1009.9250423058229  33.91449960868874 30.626101023221107 11:40:04
 -50.881737  43.5218607  -5.6311552  1009.9329548821203  37.2407647467756 30.560007671284563 11:40:06
 -45.898212  43.5218438  -5.63117  1009.9416364990396  39.46632440679398 30.487491044095616 11:40:09
 -54.179398  43.5218243  -5.6311995  1009.917073190419  42.56039208452764 30.69266706725851 11:40:11
 -52.15251  43.521807  -5.6312208  1009.9244945434074  45.10626613290163 30.630676470651583 11:40:13
 -52.748436  43.5217856  -5.6312449  1009.9576580206531  48.16103498934978 30.35366629512655 11:40:16
 -51.575554  43.5217718  -5.6312667  1010.0089981986581  50.41233433322068 29.924843048425295 11:40:18
 -56.010586  43.5217484  -5.6312855  1010.0340800742549  53.41840671323288 29.715350945580507 11:40:21
 -52.664185  43.521734  -5.6312901  1009.962672932209  54.95923669748823 30.311778037764125 11:40:23
 -52.409443  43.5216954  -5.631326  1009.9971779845464  60.13688027731755 30.02357083809057 11:40:26
 -53.527256  43.5216645  -5.6313352  1009.9862412467046  63.43044203784766 30.114920266511714 11:40:28
 -50.37649  43.5216676  -5.6313094  1010.0076547939993  62.05295522167699 29.93606372635546 11:40:31
 -52.02906  43.5217134  -5.6312722  1009.9676002897071  56.14209933126655 30.270621260789596 11:40:33
 -53.54993  43.5217357  -5.6312707  1009.9778177472796  53.959011777233705 30.185278342240224 11:40:36
 -55.799786  43.5216985  -5.6313072  1009.9879470330372  59.02741936565924 30.100672582666977 11:40:38
 -58.59124  43.5216637  -5.6313316  1009.9820523577981  63.352204527970166 30.14990829794268 11:40:40
 -52.442513  43.521665  -5.6313129  1009.9749736991866  62.44562399596378 30.209033630250136 11:40:43
 -52.50418  43.521701  -5.6312833  1009.9982134700291  57.7847163764726 30.014921956277263 11:40:45
 -50.659924  43.5217171  -5.6313002  1009.9355995745038  56.9793697596752 30.537916782280224 11:40:48
 -51.903976  43.521694  -5.6313249  1009.9448117753981  60.218701952906045 30.460968422833677 11:40:50
 -49.907482  43.5216726  -5.6313097  1009.9786894666254  61.58761476870758 30.1779972019081 11:40:53
 -52.345566  43.5216982  -5.6312958  1009.9847636181622  58.57143108639516 30.127262264315206 11:40:55
 -51.48706  43.5217301  -5.6312677  1009.9441837557277  54.36288935753943 30.466214174375864 11:40:58
 -47.61561  43.5217729  -5.6312478  1009.9330040019212  49.47411281330628 30.559597377364923 11:41:00
 -52.978645  43.5217978  -5.6312251  1009.9413164982334  46.15490764799353 30.49016396799889 11:41:02
 -54.479946  43.5217805  -5.6311974  1009.9048080062523  46.669879200173106 30.795119017140927 11:41:05
 -50.61739  43.5217834  -5.6312226  1009.8876290548019  47.40878193070129 30.938617706093332 11:41:07
 -44.854984  43.5217963  -5.6311934  1009.9084354959896  44.97931080858818 30.764818234165645 11:41:10
 -51.77452  43.5218039  -5.6311795  1009.8965611930803  43.694472445011165 30.86400579664832 11:41:12
 -49.297554  43.5218122  -5.6312053  1009.8843070201843  43.949227404165796 30.96636745155676 11:41:15
 -55.052193  43.5218073  -5.6312173  1009.8729412626194  44.92584536166109 31.061308887415358 11:41:17
 -53.365307  43.5217949  -5.6312204  1009.8703717958668  46.22607843235493 31.082772500755144 11:41:20
 -48.940536  43.5217911  -5.6312092  1009.8914563217611  46.11881767562449 30.906647726311892 11:41:22
 -52.110737  43.5217914  -5.6312059  1009.886305960749  45.95501847570514 30.949669816620386 11:41:25
 -53.801376  43.5217923  -5.6312078  1009.8931048441616  45.94648245486397 30.89287729621457 11:41:27
 -53.04854  43.5217923  -5.6312078  1009.8972598092458  45.94648245486397 30.858170140817833 11:41:30
 -53.314373  43.5217923  -5.6312078  1009.856198826572  45.94648245486397 31.201164838130246 11:41:32
 -52.11509  43.5217923  -5.6312078  1009.9039667711294  45.94648245486397 30.802145950479666 11:41:34
 -52.73632  43.5217923  -5.6312078  1009.8560987065155  45.94648245486397 31.202001184780865 11:41:37
 -53.334755  43.5217923  -5.6312078  1009.8679530938091  45.94648245486397 31.10297676668781 11:41:39
 -56.697037  43.5217923  -5.6312078  1009.8692829301885  45.94648245486397 31.091868172515085 11:41:42
 -58.382694  43.5217923  -5.6312078  1009.8763206396856  45.94648245486397 31.033079890238966 11:41:44
 -67.619576  43.5217923  -5.6312078  1009.8877544995273  45.94648245486397 30.93756983790396 11:41:47
 -57.90493  43.5217923  -5.6312078  1009.9003495508229  45.94648245486397 30.83236106000886 11:41:49
 -52.349262  43.5217923  -5.6312078  1009.9035028511489  45.94648245486397 30.806021129236807 11:41:52
 -56.65741  43.5217923  -5.6312078  1009.9040628836879  45.94648245486397 30.80134311102593 11:41:54
 -46.551575  43.5217923  -5.6312078  1009.8732935932105  45.94648245486397 31.05836575584425 11:41:57
 -46.094723  43.5218594  -5.6311842  1009.8695606862989  38.614286087490136 31.08954797886609 11:41:59
 -42.307667  43.5218697  -5.6311541  1009.8579423001834  36.33898359968315 31.18660085085043 11:42:01
 -46.204033  43.5218974  -5.6311379  1009.8198928616113  33.03418972873133 31.50444885363929 11:42:04
 -46.5105  43.5219118  -5.6311203  1009.8514073770646  30.923206393275755 31.24118998795437 11:42:06
 -44.99828  43.5219271  -5.6310815  1009.830182040368  27.8851095738463 31.41849669670992 11:42:09
 -41.40026  43.5219258  -5.631035  1009.8388108730632  26.46214169424429 31.34641502970256 11:42:11
 -45.007507  43.5219417  -5.6310199  1009.7971048622402  24.3836116465164 31.694814257815533 11:42:14
 -49.58994  43.5219335  -5.6310413  1009.8346272713742  25.853659039098872 31.381363029863547 11:42:16
 -48.84563  43.5219114  -5.6310543  1009.8341212237269  28.524314764812342 31.38559034111977 11:42:19
 -50.274395  43.521927  -5.6310705  1009.7898928633855  27.488054218568962 31.755062266753704 11:42:21
 -47.409782  43.5219361  -5.6310295  1009.8022647764342  25.23448305114351 31.651709285007545 11:42:24
 -40.696205  43.5219524  -5.6309814  1009.7966997821553  22.369095720582013 31.69819822978533 11:42:26
 -37.602066  43.5219685  -5.6309599  1009.808900931128  20.27707129633129 31.596272333148164 11:42:29
 -29.86572  43.5219984  -5.6309202  1009.8123800026837  16.687816394267067 31.567209065471538 11:42:31
 -25.695477  43.5220154  -5.6309082  1009.8132899677614  14.826092499391583 31.559607464964262 11:42:33
 -20.95298  43.5220426  -5.6308845  1009.8155370869076  12.108313893537556 31.540835667195456 11:42:36
 -15.009816  43.5220544  -5.6308792  1009.833454993348  10.956519953560463 31.391155754806483 11:42:38
 -13.404438  43.5220731  -5.6308667  1009.8387546082267  9.404644950531907 31.346885041046946 11:42:41
 -9.068976  43.522077  -5.6308652  1009.8399300513615  9.078101486456704 31.337065917835858 11:42:43
