-13.928508 9.00670406483973 113929
-13.999662 9.00670406483973 113931
-13.83862 9.00670406483973 113934
-13.994577 9.00670406483973 113937
-13.976697 9.00670406483973 113939
-14.017157 9.00670406483973 113941
-21.322685 9.00670406483973 113944
-24.701677 9.00670406483973 113946
-30.960842 13.531273813669847 113949
-36.41519 16.205202015771064 113951
-41.97976 21.435204297392612 113954
-43.773666 25.340264759463967 113956
-45.646126 29.16308809305796 113959
-47.517212 31.26678670235692 114001
-49.891796 33.91449960868874 114004
-50.881737 37.2407647467756 114006
-45.898212 39.46632440679398 114009
-54.179398 42.56039208452764 114011
-52.15251 45.10626613290163 114013
-52.748436 48.16103498934978 114016
-51.575554 50.41233433322068 114018
-56.010586 53.41840671323288 114021
-52.664185 54.95923669748823 114023
-52.409443 60.13688027731755 114026
-53.527256 63.43044203784766 114028
-50.37649 62.05295522167699 114031
-52.02906 56.14209933126655 114033
-53.54993 53.959011777233705 114036
-55.799786 59.02741936565924 114038
-58.59124 63.352204527970166 114040
-52.442513 62.44562399596378 114043
-52.50418 57.7847163764726 114045
-50.659924 56.9793697596752 114048
-51.903976 60.218701952906045 114050
-49.907482 61.58761476870758 114053
-52.345566 58.57143108639516 114055
-51.48706 54.36288935753943 114058
-47.61561 49.47411281330628 114100
-52.978645 46.15490764799353 114102
-54.479946 46.669879200173106 114105
-50.61739 47.40878193070129 114107
-44.854984 44.97931080858818 114110
-51.77452 43.694472445011165 114112
-49.297554 43.949227404165796 114115
-55.052193 44.92584536166109 114117
-53.365307 46.22607843235493 114120
-48.940536 46.11881767562449 114122
-52.110737 45.95501847570514 114125
-53.801376 45.94648245486397 114127
-53.04854 45.94648245486397 114130
-53.314373 45.94648245486397 114132
-52.11509 45.94648245486397 114134
-52.73632 45.94648245486397 114137
-53.334755 45.94648245486397 114139
-56.697037 45.94648245486397 114142
-58.382694 45.94648245486397 114144
-67.619576 45.94648245486397 114147
-57.90493 45.94648245486397 114149
-52.349262 45.94648245486397 114152
-56.65741 45.94648245486397 114154
-46.551575 45.94648245486397 114157
-46.094723 38.614286087490136 114159
-42.307667 36.33898359968315 114201
-46.204033 33.03418972873133 114204
-46.5105 30.923206393275755 114206
-44.99828 27.8851095738463 114209
-41.40026 26.46214169424429 114211
-45.007507 24.3836116465164 114214
-49.58994 25.853659039098872 114216
-48.84563 28.524314764812342 114219
-50.274395 27.488054218568962 114221
-47.409782 25.23448305114351 114224
-40.696205 22.369095720582013 114226
-37.602066 20.27707129633129 114229
-29.86572 16.687816394267067 114231
-25.695477 14.826092499391583 114233
-20.95298 12.108313893537556 114236
-15.009816 10.956519953560463 114238
-13.404438 9.404644950531907 114241
-9.068976 9.078101486456704 114243
