-3.8273323 0.0
-4.8486013 0.653864945386497
-12.434914 0.0
-17.34747 3.039817308349699
-18.444445 5.82965919858942
-19.904575 8.23364208488605
-23.927647 10.870440584760678
-23.474184 14.10357420785759
-30.431074 17.458973481944298
-26.267122 21.375863756515898
-26.800613 25.02225293767065
-28.959217 29.203300944883026
-32.26601 32.82696063423853
-36.649174 36.00455355665343
-40.28209 39.43951046277824
-36.6193 43.04003948635423
-34.138268 46.39449883506335
-35.71499 49.56121998653592
-33.995872 53.30411819383297
-33.00695 57.34046102370388
-34.016266 62.45421363902307
-33.351067 66.86719159754387
-33.927246 69.4387304157648
-34.550343 70.25367911107033
-31.690552 70.36292122518066
-32.16539 66.58656254926389
-35.202026 61.74383806968641
-37.699306 57.85286870220609
-38.175568 53.2848169111906
-38.78228 49.56121998653592
-49.694134 46.48339936028391
-41.972805 42.10125342685074
-30.998281 38.99900802851122
-27.749514 36.36021670945882
-25.904333 32.29390517613224
-29.952177 27.672575933701125
-24.739283 23.176954983493136
-24.757797 18.761516692993954
-20.485037 14.880814230526155
-16.459665 11.062424424813608
-5.7601566 8.420693689810848
