 -5.113592  43.5251292  -5.6322615  None  2.5848546169258504
 -5.0360765  43.5251308  -5.6322651  None  2.431860252239913
 -5.8170967  43.5251325  -5.6322674  None  2.4042953637437043
 -5.5116773  43.5251354  -5.6322637  None  2.8422791823483053
 -6.3288345  43.5251359  -5.632266  None  2.7479276619373523
 -17.126526  43.5251568  -5.6322517  None  5.2796881554312725
 -25.302385  43.5252082  -5.6322143  None  11.716020296927878
 -27.202484  43.5252406  -5.6322  None  15.417654247407325
 -29.853775  43.5252783  -5.6321909  None  19.50541869320164
 -32.940434  43.5253136  -5.6321747  None  23.62347994831056
 -34.72848  43.5253439  -5.6321617  None  27.134333049107955
 -37.338078  43.5253836  -5.6321422  None  31.813828283250924
 -39.12431  43.52543  -5.6321209  None  37.240197056775344
 -40.484756  43.5254594  -5.6321076  None  40.673933255391084
 -40.96097  43.5254887  -5.6320936  None  44.11838335823417
 -33.66465  43.5255008  -5.6320912  None  45.44371839089395
 -35.12854  43.525501  -5.6320432  None  46.97402175681428
 -35.517822  43.5254876  -5.631982  None  47.99680448781141
 -35.083862  43.5254669  -5.6319029  None  49.79038984400452
 -36.034428  43.5254481  -5.6318203  None  52.760398205912075
 -41.29652  43.5254327  -5.6317543  None  55.62784208438181
 -40.299747  43.5253972  -5.6317028  None  56.674274938778524
 -41.83959  43.5253588  -5.6316328  None  59.4518563954078
 -53.12568  43.525326  -5.6315679  None  62.75030227324154
 -45.052917  43.525299  -5.6315929  None  59.80191264513562
 -43.689697  43.5252926  -5.6316447  None  55.62375237454674
 -44.668213  43.5252863  -5.6316919  None  51.807665260940944
 -48.155273  43.5252635  -5.6317832  None  44.010894157693905
 -44.812733  43.5252432  -5.6318342  None  39.35218367079472
 -43.809116  43.5252272  -5.6318805  None  35.224188706499184
 -41.10102  43.5252097  -5.6319304  None  30.77053674006465
 -35.054745  43.5251961  -5.6319743  None  26.922692504875233
 -36.21338  43.5251905  -5.6320101  None  23.984719759786934
 -32.117878  43.5251789  -5.6320538  None  20.224275695763986
 -25.715158  43.5251735  -5.6320944  None  16.938472210146085
 -32.3037  43.5251529  -5.6321667  None  10.661400236326589
 -14.631327  43.5251519  -5.6322343  None  5.838545699610693
 -27.067802  43.5252012  -5.6322105  None  11.230939257841346
 -33.25481  43.5252718  -5.6321465  None  20.626225929011884
 -38.558975  43.5253409  -5.6320834  None  29.8434394235372
 -42.973434  43.5254053  -5.6320058  None  39.3009122204419
 -46.826168  43.5254722  -5.6319431  None  48.295285366180345
