-5.113592 2.5848546169258504
-5.0360765 2.431860252239913
-5.8170967 2.4042953637437043
-5.5116773 2.8422791823483053
-6.3288345 2.7479276619373523
-17.126526 5.2796881554312725
-25.302385 11.716020296927878
-27.202484 15.417654247407325
-29.853775 19.50541869320164
-32.940434 23.62347994831056
-34.72848 27.134333049107955
-37.338078 31.813828283250924
-39.12431 37.240197056775344
-40.484756 40.673933255391084
-40.96097 44.11838335823417
-33.66465 45.44371839089395
-35.12854 46.97402175681428
-35.517822 47.99680448781141
-35.083862 49.79038984400452
-36.034428 52.760398205912075
-41.29652 55.62784208438181
-40.299747 56.674274938778524
-41.83959 59.4518563954078
-53.12568 62.75030227324154
-45.052917 59.80191264513562
-43.689697 55.62375237454674
-44.668213 51.807665260940944
-48.155273 44.010894157693905
-44.812733 39.35218367079472
-43.809116 35.224188706499184
