 -85.68509  82.1  43.52469  -5.634296 0
 -85.63778  82.1  43.52469  -5.634296 0
 -85.72826  82.1  43.52469  -5.634296 0
 -85.54112  82.1  43.52469  -5.634296 0
 -85.609474  80.2  43.524613  -5.634313 0
 -85.66501  80.2  43.524613  -5.634313 0
 -85.621605  80.2  43.524613  -5.634313 0
 -85.63472  80.2  43.524613  -5.634313 0
 -85.60726  80.2  43.524613  -5.634313 0
 -85.65218  80.2  43.524613  -5.634313 0
 -85.67674  80.2  43.524613  -5.634313 0
 -85.71438  77.6  43.524563  -5.634328 0
 -85.535164  77.6  43.524563  -5.634328 0
 -85.67619  77.6  43.524563  -5.634328 0
 -85.63354  77.6  43.524563  -5.634328 0
 -85.69417  76.6  43.524506  -5.634346 0
 -85.55778  76.6  43.524506  -5.634346 0
 -85.654915  76.6  43.524506  -5.634346 0
 -85.68948  76.6  43.524506  -5.634346 0
 -85.67989  76.4  43.524451  -5.634363 0
 -85.63584  76.4  43.524451  -5.634363 0
 -85.54981  76.4  43.524451  -5.634363 0
 -85.58275  76.4  43.524451  -5.634363 0
 -85.58637  77.2  43.524388  -5.63438 0
 -85.58944  77.2  43.524388  -5.63438 0
 -85.72524  77.2  43.524388  -5.63438 0
 -85.63523  77.2  43.524388  -5.63438 0
 -85.564285  76.7  43.524328  -5.634394 0
 -85.55849  76.7  43.524328  -5.634394 0
 -85.60005  76.7  43.524328  -5.634394 0
 -85.67862  76.7  43.524328  -5.634394 0
 -85.69297  76.7  43.524328  -5.634394 0
 -85.57637  76.7  43.524328  -5.634394 0
 -85.600365  76.7  43.524328  -5.634394 0
 -85.63638  76.2  43.52427  -5.63441 0
 -85.65586  76.2  43.52427  -5.63441 0
 -85.66456  76.2  43.52427  -5.63441 0
 -85.60844  76.2  43.52427  -5.63441 0
 -85.698006  76.3  43.524218  -5.634425 0
 -85.69579  76.3  43.524218  -5.634425 0
 -85.5806  76.3  43.524218  -5.634425 0
 -85.55508  76.3  43.524218  -5.634425 0
 -85.63293  75.9  43.52417  -5.634441 0
 -85.60387  75.9  43.52417  -5.634441 0
 -85.66442  75.9  43.52417  -5.634441 0
 -85.7105  75.9  43.52417  -5.634441 0
 -85.67473  76.4  43.524109  -5.63446 0
 -85.680916  76.4  43.524109  -5.63446 0
 -85.75717  76.4  43.524109  -5.63446 0
 -85.618935  76.4  43.524109  -5.63446 0
 -85.66665  74.1  43.5241  -5.634465 0
 -85.59833  74.1  43.5241  -5.634465 0
 -85.62374  74.1  43.5241  -5.634465 0
 -85.727325  74.1  43.5241  -5.634465 0
 -85.60799  74.1  43.5241  -5.634465 0
 -85.6232  74.1  43.5241  -5.634465 0
 -85.6079  74.1  43.5241  -5.634465 0
 -85.62339  72.1  43.524093  -5.634471 0
 -85.62274  72.1  43.524093  -5.634471 0
 -85.61267  72.1  43.524093  -5.634471 0
 -85.6469  72.1  43.524093  -5.634471 0
 -85.59671  70.3  43.524089  -5.634475 0
 -85.61872  70.3  43.524089  -5.634475 0
 -85.596405  70.3  43.524089  -5.634475 0
 -85.715996  70.3  43.524089  -5.634475 0
 -85.63397  68.7  43.524089  -5.634476 0
 -85.66091  68.7  43.524089  -5.634476 0
 -85.69988  68.7  43.524089  -5.634476 0
 -85.60981  68.7  43.524089  -5.634476 0
 -85.61291  67.2  43.524089  -5.634478 0
 -85.624626  67.2  43.524089  -5.634478 0
 -85.66525  67.2  43.524089  -5.634478 0
 -85.58438  67.2  43.524089  -5.634478 0
 -85.52583  65.8  43.524091  -5.63448 0
 -85.53529  65.8  43.524091  -5.63448 0
 -85.5955  65.8  43.524091  -5.63448 0
 -85.65744  65.8  43.524091  -5.63448 0
 -85.59507  65.8  43.524091  -5.63448 0
 -85.7146  65.8  43.524091  -5.63448 0
 -85.581154  65.8  43.524091  -5.63448 0
 -85.586  64.5  43.524095  -5.63448 0
 -85.595985  64.5  43.524095  -5.63448 0
 -85.55235  64.5  43.524095  -5.63448 0
 -85.611984  64.5  43.524095  -5.63448 0
 -85.695366  63.3  43.524096  -5.634483 0
 -85.68412  63.3  43.524096  -5.634483 0
 -85.67941  63.3  43.524096  -5.634483 0
 -85.49984  63.3  43.524096  -5.634483 0
 -85.52348  62.0  43.524093  -5.634483 0
 -85.62679  62.0  43.524093  -5.634483 0
 -85.57908  62.0  43.524093  -5.634483 0
 -85.62427  62.0  43.524093  -5.634483 0
 -85.58622  60.9  43.524086  -5.634485 0
 -85.5967  60.9  43.524086  -5.634485 0
 -85.64362  60.9  43.524086  -5.634485 0
 -85.60751  60.9  43.524086  -5.634485 0
 -85.52021  59.9  43.524086  -5.634488 0