 -42.578453  43.4812828  -5.2327709  1020.415546353883  1.270670648555811 35.6562705329921 14.264 154531
 -42.48288  43.4812839  -5.2327692  1020.4027093809153  1.3606921192375194 35.76238360174347 14.206 154534
 -44.33584  43.4812829  -5.2327717  1020.4256538721343  1.3004239406104159 35.57272046100214 14.172 154536
 -48.155518  43.4812796  -5.232768  1020.3945082824954  0.8739667590802929 35.830176140266175 14.116 154539
 -50.73947  43.4812798  -5.2327646  1020.3880118977245  0.9034245341931109 35.88387735935127 14.0 154542
 -61.40321  43.4812799  -5.2327616  1020.4031949928975  0.9866589519473888 35.75836941317128 13.861 154545
 -69.94865  43.4812775  -5.2327569  1020.4415784716699  1.0084010914827932 35.441086991435746 13.765 154548
 -56.189537  43.4812727  -5.2327492  1020.3911876936176  1.4112359642946724 35.857625168056835 13.595 154551
 -52.326458  43.4812721  -5.2327496  1020.4072304169592  1.375732244430415 35.725011661132314 13.279 154554
 -55.926697  43.4812707  -5.2327445  1020.4126742422861  1.7920989690898514 35.680011906537736 13.311 154557
 -65.58979  43.4812698  -5.2327355  1020.4067402279856  2.5258349739360013 35.72906367127597 13.412 154600
 -57.679005  43.4812615  -5.2327278  1020.3893211013018  3.341073010899889 35.873055036581526 13.553 154602
 -58.389412  43.4812538  -5.2327293  1020.3856463313464  3.6201464626319555 35.90343196540865 13.451 154605
 -48.80943  43.4812529  -5.2327234  1020.4272873864433  4.077251668376625 35.559217680300506 13.396 154608
 -50.467804  43.4812498  -5.2327211  1020.4051674878251  4.418630946022259 35.74206429888038 13.461 154611
 -59.465458  43.4812457  -5.2327204  1020.4404509604702  4.730615870917092 35.45040699596868 13.497 154614
 -64.13121  43.4812464  -5.2327147  1020.4075245956321  5.059006910317699 35.72257991610721 13.52 154617
 -60.597603  43.4812409  -5.2327082  1020.4051674878251  5.840228689852868 35.74206429888038 13.584 154620
 -65.97593  43.4812363  -5.2327031  1020.3942113816597  6.476692072226274 35.8326304126276 13.609 154623
 -61.141487  43.4812283  -5.2326894  1020.4041213520487  7.897150799583887 35.750711903947064 13.625 154626
 -65.887085  43.4812174  -5.2326802  1020.4250820045806  9.240573753929375 35.57744757534666 13.78 154629
 -68.09045  43.4812043  -5.2326729  1020.4269633863277  10.663242344559736 35.56189589390047 14.111 154631
 -68.72742  43.4811984  -5.2326582  1020.3469983909127  11.975423791317649 36.2229146716719 13.89 154634
 -68.72444  43.4811928  -5.2326453  1020.3695528569077  13.165839231387693 36.036467275896094 13.705 154637
 -69.279  43.4811852  -5.2326324  1020.3189338902154  14.506787598117082 36.454915649399105 13.689 154640
 -79.44896  43.4811772  -5.2326147  1020.3697807037275  16.17048065271628 36.03458378806777 13.668 154643
 -75.68047  43.4811691  -5.2325995  1020.3559186980378  17.690311223949326 36.149174196922914 13.665 154646
 -77.94006  43.4811585  -5.2325797  1020.3535814191363  19.67447834996242 36.168495460554375 13.584 154649
 -74.4639  43.4811512  -5.2325673  1020.353777168431  20.964380687414955 36.16687728527321 13.736 154652
 -75.101585  43.4811401  -5.2325471  1020.3430698143884  23.009651964178477 36.25539074798276 13.767 154655
 -75.47024  43.4811292  -5.2325268  1020.3268227207095  25.047459750977332 36.389700484550495 13.682 154657
 -81.02344  43.4811174  -5.232505  1020.3004383450537  27.242912682485954 36.60781570920548 13.612 154700
 -73.652374  43.4811092  -5.2324836  1020.3712879598163  29.16405266500824 36.02212411649298 13.462 154703
 -80.291985  43.4810988  -5.2324606  1020.3410507766989  31.341520765448625 36.27208141861217 13.372 154706
 -80.18179  43.4810905  -5.2324451  1020.3750063072978  32.89755651741724 35.99138661096845 13.33 154709
 -83.521484  43.4810825  -5.232428  1020.441834933714  34.53585179526037 35.4389670780384 13.38 154712
 -84.31367  43.481073  -5.2324054  1020.3875239511789  36.6299008828425 35.887910894599734 13.434 154715
 -79.21217  43.4810662  -5.2323913  1020.3990322670572  37.995558538844165 35.79277958319 13.517 154718
 -82.05821  43.4810552  -5.2323699  1020.3916806445627  40.113831883969624 35.85355027656482 13.558 154721
 -83.72058  43.4810467  -5.2323536  1020.4047064764278  41.735433345016645 35.74587512693698 13.617 154723
 -80.58644  43.4810369  -5.2323322  1020.3655039401602  43.77422978870207 36.069937562468475 13.672 154726
 -84.10727  43.4810277  -5.2323106  1020.4020268820401  45.787107303696054 35.76802530861069 13.675 154729
 -83.00796  43.4810194  -5.2322898  1019.3977955258858  47.68979788461737 44.07256525657761 13.67 154732
 -84.6751  43.4810038  -5.2322597  1020.3736396914474  50.67862202294904 36.00268365172985 13.873 154735
 -85.479904  43.4809934  -5.2322362  1020.3658034635042  52.896256357114396 36.067461555254695 14.249 154738
 -83.6979  43.4809868  -5.2322251  1020.3811911960589  54.05356319407564 35.94025978475943 14.517 154741
 -80.128624  43.4809881  -5.2322268  1020.3668942753015  53.85750233632662 36.05844437364645 14.354 154744
 -83.100174  43.4809886  -5.2322283  1020.3700982195168  53.72659769317493 36.031959055379794 14.284 154747
 -80.43541  43.4809905  -5.2322318  1020.3632090086887  53.37345380739401 36.08890861378022 14.172 154750
 -84.58371  43.4809947  -5.2322271  1020.3685497814446  53.41183102589622 36.044759168448735 13.973 154752
 -83.12994  43.4809975  -5.2322289  1020.3173931041215  53.11379523686445 36.46765302474436 13.731 154755
 -71.841774  43.480993  -5.2322378  1020.3228795678028  52.81735489756718 36.42229758046222 13.436 154758
 -82.481186  43.4809966  -5.2322545  1020.3729098100033  51.490589297476774 36.00871717408286 13.157 154801
 -79.30545  43.4810054  -5.2322656  1020.3737667293033  50.18811744984002 36.001633501066 12.921 154804
 -82.42951  43.4810164  -5.2322789  1020.3574309277261  48.59969451652061 36.13667327380709 12.924 154807
 -82.177986  43.4810314  -5.2323031  1020.3566575822173  46.03767918982587 36.14306617164789 13.081 154810
 -79.69292  43.481042  -5.2323186  1020.3517964384753  44.3336710845981 36.18325114003844 13.068 154813
 -83.9784  43.4810553  -5.2323369  1020.3753346689632  42.27384227508534 35.98867223251229 13.291 154816
 -80.74486  43.4810617  -5.2323443  1020.3678870482676  41.37766108535202 36.050237635555206 13.479 154818
 -84.516045  43.481071  -5.2323612  1020.3450331691269  39.6659444367602 36.239160414262074 13.736 154821
 -78.116516  43.4810845  -5.2323849  1020.352555751956  37.237346449658794 36.17697421438327 13.995 154824
 -79.0213  43.4810925  -5.2324093  1020.3548821983833  35.105550496095574 36.15774248234828 14.133 154827
 -80.028496  43.4811049  -5.2324362  1020.373725822637  32.53199866556856 36.001971653510395 14.299 154830
 -72.78669  43.4811173  -5.2324594  1020.3329523888629  30.20462892579422 36.33902819594451 14.517 154833
 -79.011086  43.4811312  -5.232491  1020.3391878069616  27.224059639122075 36.28748195438803 14.791 154836
 -78.701485  43.4811407  -5.2325129  1020.3890776823458  25.167834167173872 35.87506721974258 14.94 154839
 -73.31755  43.4811535  -5.232539  1020.3831313762713  22.622904445506183 35.92422151138499 15.068 154842
 -69.15176  43.4811669  -5.2325706  1020.3823550505149  19.679081138968378 35.930638914718145 15.142 154844
 -66.96631  43.481181  -5.2326029  1020.4175127206197  16.648198266578692 35.640016235053764 15.22 154847
 -66.70289  43.4811952  -5.2326334  1020.364466760539  13.731417391491545 36.07851140366308 15.394 154850
 -63.830826  43.4812098  -5.2326635  1020.4027425359395  10.817616808556297 35.76210953407965 15.464 154853
 -62.704754  43.481223  -5.2326865  1020.3835969594554  8.44920535193523 35.92037282598167 15.783 154856
 -61.40547  43.4812358  -5.2327095  1020.3935099751097  6.11040661592029 35.83842845421472 15.882 154859
 -61.771133  43.4812456  -5.2327186  1020.3056648189163  4.853150353239142 36.56460896040929 15.896 154902
 -60.41864  43.4812521  -5.2327287  1020.3909913936384  3.7672113430463288 35.85924784744099 15.895 154905
 -60.147346  43.4812592  -5.2327436  1020.374020778009  2.3285255191900696 35.99953342330283 15.914 154907
 -64.411674  43.4812671  -5.2327678  1020.3832780990208  0.5311278788186239 35.92300864589532 15.896 154910
 -51.429737  43.4812713  -5.2327768  1020.3726568151138  0.8270647548512092 36.01080854238723 15.821 154913
 -46.11346  43.4812783  -5.232789  1020.3808428553407  1.950789530600159 35.94313930528529 15.657 154916
 -46.784462  43.4812841  -5.2327967  1020.4020803701243  2.792379400922307 35.76758316258039 15.603 154919
