-42.578453 1.270670648555811 154531
-42.48288 1.3606921192375194 154534
-44.33584 1.3004239406104159 154536
-48.155518 0.8739667590802929 154539
-50.73947 0.9034245341931109 154542
-61.40321 0.9866589519473888 154545
-69.94865 1.0084010914827932 154548
-56.189537 1.4112359642946724 154551
-52.326458 1.375732244430415 154554
-55.926697 1.7920989690898514 154557
-65.58979 2.5258349739360013 154600
-57.679005 3.341073010899889 154602
-58.389412 3.6201464626319555 154605
-48.80943 4.077251668376625 154608
-50.467804 4.418630946022259 154611
-59.465458 4.730615870917092 154614
-64.13121 5.059006910317699 154617
-60.597603 5.840228689852868 154620
-65.97593 6.476692072226274 154623
-61.141487 7.897150799583887 154626
-65.887085 9.240573753929375 154629
-68.09045 10.663242344559736 154631
-68.72742 11.975423791317649 154634
-68.72444 13.165839231387693 154637
-69.279 14.506787598117082 154640
-79.44896 16.17048065271628 154643
-75.68047 17.690311223949326 154646
-77.94006 19.67447834996242 154649
-74.4639 20.964380687414955 154652
-75.101585 23.009651964178477 154655
-75.47024 25.047459750977332 154657
-81.02344 27.242912682485954 154700
-73.652374 29.16405266500824 154703
-80.291985 31.341520765448625 154706
-80.18179 32.89755651741724 154709
-83.521484 34.53585179526037 154712
-84.31367 36.6299008828425 154715
-79.21217 37.995558538844165 154718
-82.05821 40.113831883969624 154721
-83.72058 41.735433345016645 154723
-80.58644 43.77422978870207 154726
-84.10727 45.787107303696054 154729
-83.00796 47.68979788461737 154732
-84.6751 50.67862202294904 154735
-85.479904 52.896256357114396 154738
-83.6979 54.05356319407564 154741
-80.128624 53.85750233632662 154744
-83.100174 53.72659769317493 154747
-80.43541 53.37345380739401 154750
-84.58371 53.41183102589622 154752
-83.12994 53.11379523686445 154755
-71.841774 52.81735489756718 154758
-82.481186 51.490589297476774 154801
-79.30545 50.18811744984002 154804
-82.42951 48.59969451652061 154807
-82.177986 46.03767918982587 154810
-79.69292 44.3336710845981 154813
-83.9784 42.27384227508534 154816
-80.74486 41.37766108535202 154818
-84.516045 39.6659444367602 154821
-78.116516 37.237346449658794 154824
-79.0213 35.105550496095574 154827
-80.028496 32.53199866556856 154830
-72.78669 30.20462892579422 154833
-79.011086 27.224059639122075 154836
-78.701485 25.167834167173872 154839
-73.31755 22.622904445506183 154842
-69.15176 19.679081138968378 154844
-66.96631 16.648198266578692 154847
-66.70289 13.731417391491545 154850
-63.830826 10.817616808556297 154853
-62.704754 8.44920535193523 154856
-61.40547 6.11040661592029 154859
-61.771133 4.853150353239142 154902
-60.41864 3.7672113430463288 154905
-60.147346 2.3285255191900696 154907
-64.411674 0.5311278788186239 154910
-51.429737 0.8270647548512092 154913
-46.11346 1.950789530600159 154916
-46.784462 2.792379400922307 154919
