 -84.61739  39.514852179  67.863976718  None  8
 -84.65794  39.514852179  67.863976718  None  15
 -84.8056  39.514852179  67.863976718  None  10
 -84.7599  39.514852179  67.863976718  None  12
 -84.79165  39.514852179  67.863976718  None  13
 -84.658585  39.514852179  67.863976718  None  14
 -84.706825  39.514852179  67.863976718  (8652.5847,)  14
 -84.81203  39.514852179  67.863976718  None  14
 -84.680725  43.524345  -5.635341667  (53.3,)  10
 -84.63108  43.524341667  -5.635343333  (53.2,)  10
 -84.63581  43.524336667  -5.635348333  (53.1,)  10
 -84.75521  43.524336667  -5.635353333  (53.1,)  10
 -84.79385  43.524356667  -5.635476667  (51.5,)  10
 -84.72544  43.524375  -5.635598333  (50.0,)  10
 -84.70957  43.524411667  -5.63569  (48.4,)  10
 -84.792915  43.524465  -5.635803333  (45.8,)  10
 -84.75856  43.524496667  -5.63589  (44.8,)  10
 -84.78859  43.524535  -5.635988333  (43.6,)  10
 -84.65746  43.524576667  -5.636058333  (42.4,)  10
 -84.665726  43.524638333  -5.636128333  (41.7,)  10
 -84.815636  43.524708333  -5.636181667  (40.8,)  10
 -84.75859  43.52478  -5.636211667  (39.9,)  10
 -84.70853  43.524846667  -5.636218333  (38.9,)  10
 -84.597466  43.524925  -5.636245  (37.8,)  10
 -84.75568  43.524981667  -5.636196667  (36.6,)  10
 -84.67411  43.52499  -5.636075  (34.8,)  10
 -84.70152  43.52499  -5.635956667  (34.0,)  10
 -84.68966  43.52502  -5.63585  (34.1,)  10
 -84.78871  43.52511  -5.635865  (34.2,)  10
 -84.66917  43.525195  -5.635931667  (34.0,)  10
 -84.75178  43.52524  -5.63603  (33.8,)  10
 -84.67518  43.525246667  -5.636148333  (34.4,)  10
 -84.57874  43.525211667  -5.636263333  (35.6,)  10
 -84.64308  43.525175  -5.63638  (36.9,)  10
 -84.607475  43.525151667  -5.636511667  (39.0,)  10
 -84.60564  43.525131667  -5.636628333  (41.4,)  10
 -84.636795  43.525081667  -5.636706667  (42.9,)  10
 -84.66418  43.525008333  -5.636776667  (44.8,)  10
 -84.7574  43.524941667  -5.63678  (45.5,)  10
 -84.68064  43.524868333  -5.636733333  (46.1,)  10
 -84.650505  43.524815  -5.636645  (45.4,)  10
 -84.64884  43.524755  -5.636525  (43.4,)  10
 -84.61325  43.524698333  -5.636393333  (42.0,)  10
 -84.811646  43.52465  -5.636326667  (40.6,)  10
 -84.66877  43.524603333  -5.636255  (39.0,)  10
 -84.59813  43.524551667  -5.636175  (38.2,)  10
 -84.65001  43.524501667  -5.63607  (37.4,)  10
 -84.59925  43.52446  -5.635946667  (36.6,)  10
 -84.78485  43.524396667  -5.635795  (35.0,)  10
 -84.55822  43.524316667  -5.63564  (32.7,)  10
 -84.714935  43.524331667  -5.635525  (29.1,)  11
 -84.64174  43.524333333  -5.635436667  (27.8,)  11
