 -71.6694  43.4812812  -5.2328044  1020.4311205390195  10.148314568394175 35.52753255451064 13.162 153804
 -71.89441  43.481279  -5.2328062  1020.4049212669291  10.426734963336703 35.7440996182312 13.27 153807
 -63.285583  43.4812748  -5.232804  1020.4018461254304  10.814381372824085 35.76951948858682 13.605 153810
 -66.180626  43.4812739  -5.2328007  1020.445057678  10.833865903696541 35.41232793386172 13.625 153813
 -62.152092  43.4812717  -5.2327925  1020.4501942663609  10.910470002811042 35.369869131063346 13.863 153816
 -66.58695  43.4812689  -5.2327835  1020.4471515638435  11.088525774695496 35.39501994903222 13.749 153819
 -76.555115  43.4812647  -5.2327704  1020.4580779735963  11.454862948476332 35.304703106805356 13.274 153821
 -68.46535  43.4812564  -5.2327527  1020.4578104816912  12.400011712047107 35.30691416447088 13.104 153824
 -69.91839  43.4812459  -5.2327348  1020.4181890785466  13.738280409359025 35.63442535949591 13.064 153827
 -71.742874  43.4812359  -5.232716  1020.4108253313177  15.151494716974286 35.695295354515146 12.854 153830
 -75.57585  43.4812226  -5.2327009  1020.4009272333138  16.912320445495983 35.7771152871898 13.062 153833
 -76.70963  43.4812055  -5.2326905  1020.3995739983028  18.978997504766507 35.78830148596246 13.499 153836
 -77.08403  43.4811967  -5.232668  1020.386564909897  20.52770672489387 35.89583866675172 13.513 153839
 -79.503685  43.4811866  -5.2326489  1020.3395389942482  22.17427116589071 36.28457880706084 13.552 153842
 -82.664185  43.4811719  -5.2326269  1020.3775260281641  24.42193986460265 35.97055753495454 13.795 153845
 -82.540596  43.481159  -5.2326001  1020.3591267425056  26.714678875972186 36.12265475310228 14.011 153847
 -81.601585  43.4811476  -5.2325789  1020.3691017893235  28.678693775423717 36.040196011432045 14.291 153850
 -80.59291  43.4811371  -5.2325557  1020.3676157938764  30.669996805383178 36.0524799539743 14.527 153853
 -84.191345  43.4811255  -5.2325298  1020.3463538714993  32.914934678709436 36.228242666237826 14.636 153856
 -84.68  43.4811148  -5.2325055  1020.3379145385691  35.031101673549855 36.29800764326207 14.687 153859
 -85.687904  43.4811017  -5.2324759  1020.3322638025612  37.64332010285377 36.34472053810777 14.936 153902
 -86.36938  43.481089  -5.2324467  1020.339888114802  40.22623080908187 36.28169274552165 15.135 153905
 -85.10426  43.4810822  -5.2324307  1020.3317111837648  41.63723945440296 36.34928887880456 15.288 153908
 -86.32689  43.4810688  -5.2324056  1020.3484027558038  44.09069428477996 36.2113053356761 15.49 153911
 -86.41234  43.4810561  -5.2323794  1020.3340285820736  46.55254434422052 36.33013162671748 15.636 153914
 -87.184204  43.4810447  -5.2323524  1020.3387823004075  48.96097470208783 36.290834141860365 15.746 153916
 -87.1988  43.4810293  -5.2323197  1020.3472787882041  52.02048754731969 36.22059673575641 15.726 153919
 -87.58315  43.4810164  -5.2322875  1020.3357598140606  54.86399051272212 36.31582006267895 15.485 153922
 -87.69468  43.4810036  -5.2322572  1020.3247718365574  57.60325173682807 36.406654637431224 15.082 153925
 -87.159164  43.4809903  -5.2322261  1020.3456092115167  60.43641184274 36.23439848784208 14.915 153928
 -87.23998  43.480978  -5.2322035  1020.3172243055662  62.701922628560084 36.46904845012384 14.718 153931
 -87.61635  43.4809657  -5.232177  1020.3455374474255  65.19813080446332 36.234991734554185 14.248 153934
 -87.86942  43.4809623  -5.2321511  1020.3873485566619  66.99343651443603 35.88936076684253 14.519 153937
 -87.68568  43.4809425  -5.2320822  1020.4040462589847  72.629672006714 35.75133264120184 16.268 153940
 -87.50973  43.4809518  -5.2321276  1020.3735622913955  69.1863720979673 36.00332347457396 17.194 153943
 -87.611694  43.4809527  -5.2321413  1020.3270914805644  68.29790983824155 36.38747871523786 16.563 153945
 -87.83173  43.480956  -5.2321504  1020.3335140305862  67.50765096097862 36.33438526989843 16.121 153948
 -87.88618  43.4809532  -5.2321535  1020.3427463904114  67.53515821792249 36.25806437783317 15.723 153951
 -87.87825  43.480959  -5.2321521  1019.2456212155221  67.1808349448457 45.33155598364846 15.368 153954
 -87.72266  43.4809597  -5.2321547  1020.3290917045871  66.97329992812037 36.37094338724324 15.173 153957
 -87.67141  43.4809612  -5.2321571  1020.3137825258252  66.71757218452414 36.4975010258204 14.933 154000
 -87.74577  43.4809665  -5.2321601  1019.2208443664953  66.14087177623836 45.53655783679504 15.028 154003
 -87.29808  43.4809624  -5.2321617  1020.3071125310734  66.35358083067909 36.55264089714226 14.903 154006
 -86.29735  43.4809693  -5.2321646  1020.3514815923429  65.66225818623785 36.18585384189775 14.993 154008
 -87.55479  43.4809722  -5.2321753  1020.3365064936457  64.80658396037313 36.30964749754589 14.693 154011
 -87.744606  43.4809872  -5.2322005  1020.3362764897632  62.17828765452086 36.311548866864925 14.498 154014
 -87.79566  43.4809979  -5.2322286  1020.3524183430508  59.706766158594384 36.17811011581184 14.322 154017
 -87.89277  43.4810092  -5.2322509  1020.3294107090796  57.534754196538024 36.36830626310065 14.136 154020
 -87.28102  43.4810193  -5.2322676  1020.337571520705  55.78309991605431 36.30084326036557 13.918 154023
 -87.24445  43.4810309  -5.2322937  1020.3209227972375  53.3710574270585 36.438473769570955 13.717 154026
 -86.74168  43.4810386  -5.2323066  1020.3343963106292  52.027243136678095 36.327091725851936 13.597 154029
 -84.65631  43.4810493  -5.2323275  1020.3345415037589  49.99007439154953 36.32589145835753 13.462 154032
 -86.56292  43.4810602  -5.232343  1020.3577718052585  48.24709465607404 36.13385539453718 13.255 154034
 -86.25303  43.4810715  -5.232364  1020.3513021751387  46.1595522894213 36.18733700950112 13.11 154037
 -86.75242  43.4810822  -5.2323848  1020.3396759432984  44.13353376918088 36.28344669548535 12.907 154040
 -86.402084  43.4810948  -5.2324085  1020.3707312953494  41.796217246272235 36.02672575908625 12.583 154043
 -86.65619  43.481107  -5.2324323  1020.3142049162458  39.49036354593871 36.49400919580479 12.326 154046
 -84.88935  43.4811174  -5.2324551  1020.3058950842586  37.39337032469536 36.56270538344406 12.13 154049
 -87.400375  43.4811252  -5.2324754  1020.3585472437484  35.65674373021289 36.12744520063221 11.853 154052
 -82.70185  43.481136  -5.2324976  1020.3486650017653  33.578501963101246 36.20913745218194 11.531 154055
 -86.4051  43.4811501  -5.232521  1020.3844550539757  31.165190565112564 35.91327949823532 11.306 154058
 -86.56313  43.4811656  -5.2325526  1020.3959537677968  28.230242427329173 35.81822732857991 10.977 154101
 -86.84855  43.4811784  -5.2325844  1020.3825133579386  25.567241294192318 35.929330285150044 10.994 154103
 -86.345116  43.481192  -5.2326174  1020.4270597247742  22.84538019809633 35.56109955171177 11.518 154106
 -81.583305  43.4811938  -5.2326353  1020.4266810012883  21.951469945862517 35.564230114157745 12.073 154109
 -85.99909  43.4812024  -5.2326527  1020.4003271871328  20.457370268031738 35.782075426259915 12.146 154112
 -84.10945  43.4812135  -5.2326765  1020.4107327631896  18.53992841843093 35.696060540765984 12.238 154115
 -84.04444  43.4812252  -5.2326992  1020.4207348707106  16.679981777316176 35.61338148844671 12.241 154118
 -84.6385  43.4812398  -5.2327194  1020.39475696798  14.662900102135424 35.82812043106263 12.364 154121
 -80.980995  43.4812493  -5.2327354  1020.383313658906  13.357834500535914 35.92271469451803 12.28 154124
 -82.4056  43.4812595  -5.2327537  1020.417522428394  12.050657668803773 35.63993598911953 12.159 154127
 -81.71407  43.481264  -5.2327625  1020.4384128260739  11.522016917238636 35.46725423055223 12.114 154129
 -71.31985  43.4812682  -5.232772  1020.4046233089522  11.07312084783968 35.74656260889558 12.113 154132
 -65.26952  43.4812782  -5.2327848  1020.4077975649251  10.083673311535295 35.72032349295406 12.049 154135
 -61.341442  43.4812849  -5.2327917  1020.4122841288481  9.4663653821743 35.68323665618044 11.897 154138
 -62.169346  43.4812873  -5.2327911  1020.419654175237  9.195807957231438 35.622314661897605 11.819 154141
