-71.6694 10.148314568394175 153804
-71.89441 10.426734963336703 153807
-63.285583 10.814381372824085 153810
-66.180626 10.833865903696541 153813
-62.152092 10.910470002811042 153816
-66.58695 11.088525774695496 153819
-76.555115 11.454862948476332 153821
-68.46535 12.400011712047107 153824
-69.91839 13.738280409359025 153827
-71.742874 15.151494716974286 153830
-75.57585 16.912320445495983 153833
-76.70963 18.978997504766507 153836
-77.08403 20.52770672489387 153839
-79.503685 22.17427116589071 153842
-82.664185 24.42193986460265 153845
-82.540596 26.714678875972186 153847
-81.601585 28.678693775423717 153850
-80.59291 30.669996805383178 153853
-84.191345 32.914934678709436 153856
-84.68 35.031101673549855 153859
-85.687904 37.64332010285377 153902
-86.36938 40.22623080908187 153905
-85.10426 41.63723945440296 153908
-86.32689 44.09069428477996 153911
-86.41234 46.55254434422052 153914
-87.184204 48.96097470208783 153916
-87.1988 52.02048754731969 153919
-87.58315 54.86399051272212 153922
-87.69468 57.60325173682807 153925
-87.159164 60.43641184274 153928
-87.23998 62.701922628560084 153931
-87.61635 65.19813080446332 153934
-87.86942 66.99343651443603 153937
-87.68568 72.629672006714 153940
-87.50973 69.1863720979673 153943
-87.611694 68.29790983824155 153945
-87.83173 67.50765096097862 153948
-87.88618 67.53515821792249 153951
-87.87825 67.1808349448457 153954
-87.72266 66.97329992812037 153957
-87.67141 66.71757218452414 154000
-87.74577 66.14087177623836 154003
-87.29808 66.35358083067909 154006
-86.29735 65.66225818623785 154008
-87.55479 64.80658396037313 154011
-87.744606 62.17828765452086 154014
-87.79566 59.706766158594384 154017
-87.89277 57.534754196538024 154020
-87.28102 55.78309991605431 154023
-87.24445 53.3710574270585 154026
-86.74168 52.027243136678095 154029
-84.65631 49.99007439154953 154032
-86.56292 48.24709465607404 154034
-86.25303 46.1595522894213 154037
-86.75242 44.13353376918088 154040
-86.402084 41.796217246272235 154043
-86.65619 39.49036354593871 154046
-84.88935 37.39337032469536 154049
-87.400375 35.65674373021289 154052
-82.70185 33.578501963101246 154055
-86.4051 31.165190565112564 154058
-86.56313 28.230242427329173 154101
-86.84855 25.567241294192318 154103
-86.345116 22.84538019809633 154106
-81.583305 21.951469945862517 154109
-85.99909 20.457370268031738 154112
-84.10945 18.53992841843093 154115
-84.04444 16.679981777316176 154118
-84.6385 14.662900102135424 154121
-80.980995 13.357834500535914 154124
-82.4056 12.050657668803773 154127
-81.71407 11.522016917238636 154129
-71.31985 11.07312084783968 154132
-65.26952 10.083673311535295 154135
-61.341442 9.4663653821743 154138
-62.169346 9.195807957231438 154141
