 -3.8273323  43.525216667  -5.636426667  13.7  12
 -4.8486013  43.52522  -5.636433333  13.7  13
 -12.434914  43.525216667  -5.636426667  13.7  13
 -17.34747  43.525206667  -5.636391667  13.7  13
 -18.444445  43.525196667  -5.63636  13.9  13
 -19.904575  43.525193333  -5.63633  14.0  13
 -23.927647  43.525191667  -5.636296667  14.4  13
 -23.474184  43.525183333  -5.636258333  14.7  13
 -30.431074  43.52518  -5.636216667  15.0  13
 -26.267122  43.525181667  -5.636166667  15.2  13
 -26.800613  43.525178333  -5.636121667  15.5  13
 -28.959217  43.525175  -5.63607  15.7  13
 -32.26601  43.525173333  -5.636025  16.0  13
 -36.649174  43.525175  -5.635985  16.3  13
 -40.28209  43.525178333  -5.635941667  16.6  13
 -36.6193  43.52518  -5.635896667  16.8  13
 -34.138268  43.52518  -5.635855  17.0  13
 -35.71499  43.525186667  -5.635815  17.3  13
 -33.995872  43.52519  -5.635768333  17.6  13
 -33.00695  43.52519  -5.635718333  17.8  13
 -34.016266  43.52519  -5.635655  18.1  13
 -33.351067  43.525196667  -5.6356  18.4  13
 -33.927246  43.525193333  -5.635568333  18.6  13
 -34.550343  43.525191667  -5.635558333  18.7  13
 -31.690552  43.525198333  -5.635556667  18.7  13
 -32.16539  43.5252  -5.635603333  18.6  13
 -35.202026  43.525198333  -5.635663333  18.3  13
 -37.699306  43.525195  -5.635711667  18.1  13
 -38.175568  43.525193333  -5.635768333  17.9  13
 -38.78228  43.525186667  -5.635815  17.7  13
 -49.694134  43.525185  -5.635853333  17.7  13
 -41.972805  43.52518  -5.635908333  17.8  13
 -30.998281  43.525181667  -5.635946667  17.7  13
 -27.749514  43.525178333  -5.63598  17.6  13
 -25.904333  43.525173333  -5.636031667  17.4  13
 -29.952177  43.525171667  -5.63609  17.4  13
 -24.739283  43.525166667  -5.636148333  17.2  13
 -24.757797  43.525166667  -5.636205  16.9  13
 -20.485037  43.525168333  -5.636255  16.8  13
 -16.459665  43.525166667  -5.636308333  16.5  13
 -5.7601566  43.525161667  -5.636355  16.4  13
