 -16.399258  43.5242634  -5.635485  1009.9296815412331  5.60466764520681 30.587349672271117 10:31:41
 -16.490976  43.5242633  -5.6354842  1009.9376284499044  5.540340494357331 30.520969791550616 10:31:43
 -15.34102  43.5242628  -5.6354841  1009.8894253305546  5.534211753827369 30.923613018188792 10:31:46
 -17.298649  43.5242634  -5.6354986  1009.9193797608647  6.703795849770085 30.673400233914354 10:31:48
 -24.425463  43.5242668  -5.6354994  1009.936507894608  6.770313796042897 30.53032967304109 10:31:50
 -23.963451  43.5242775  -5.6354947  1009.9052693860016  6.540707095229479 30.791265061264767 10:31:53
 -38.163048  43.5242883  -5.63549  1009.9206020691084  6.5496331462871735 30.66319028088481 10:31:55
 -34.660065  43.5243007  -5.6354856  1009.9358846289829  6.916852977594639 30.53553574942686 10:31:58
 -31.807068  43.5243115  -5.6354825  1009.949322483364  7.488984811631987 30.42329125180931 10:32:00
 -33.699635  43.524325  -5.6354822  1009.9258758301321  8.581233758157108 30.61913861682115 10:32:03
 -37.917736  43.5243357  -5.63548  1009.9064391044745  9.43781942169016 30.781494280372517 10:32:05
 -38.17005  43.5243425  -5.6354833  1009.9333488893975  10.217166762034317 30.556716559269056 10:32:08
 -34.82626  43.5243432  -5.6355069  1009.9231944841525  11.411983112345066 30.64153584510891 10:32:10
 -32.97556  43.5243354  -5.6355149  1009.9027011873571  11.217960547276187 30.812717525612566 10:32:13
 -35.64705  43.5243209  -5.6355166  1009.9224055726897  10.265885190323566 30.648125615635 10:32:15
 -30.616884  43.524306  -5.635518  1009.9326925554149  9.45261599916299 30.562198866345447 10:32:18
 -35.55621  43.5242842  -5.6355184  1009.9201349294885  8.577917755412152 30.667092301638313 10:32:20
 -34.0599  43.5242706  -5.6355183  1009.9304179592144  8.319616483047183 30.58119841508429 10:32:22
 -39.04017  43.5242545  -5.6355148  1009.9170620523994  8.092984769926169 30.692760103465808 10:32:25
 -26.522165  43.524244  -5.635512  1009.9054206814873  8.121048969250973 30.790001273711088 10:32:27
 -32.585846  43.5242342  -5.6355073  1009.921796593262  8.148456090151356 30.653212418300146 10:32:30
 -22.441044  43.5242222  -5.6355215  1009.9105249707956  9.775509087427057 30.74736468304898 10:32:32
 -19.901102  43.5242263  -5.6355331  1009.9213510712306  10.410479811951506 30.656933863580175 10:32:35
 -23.50427  43.5242439  -5.6355359  1009.9092757980559  9.991067441446623 30.757799119900913 10:32:37
 -22.746534  43.5242597  -5.6355337  1009.9241582223357  9.556438850096077 30.633485754171765 10:32:40
 -30.707617  43.5242824  -5.6355283  1009.9196535749611  9.310715702689086 30.67111306114726 10:32:42
 -43.546936  43.5242998  -5.6355256  1009.9400868004642  9.698485743180516 30.500435475250487 10:32:45
 -41.71085  43.5243249  -5.635522  1009.942296843916  10.882949523405237 30.481975273895436 10:32:47
 -40.457455  43.5243407  -5.6355207  1009.9412811047868  11.965272963732119 30.49045960475988 10:32:50
 -51.160618  43.5243598  -5.6355248  1009.9180980736093  13.754913404452461 30.68410619117255 10:32:52
 -45.013542  43.5243631  -5.6355382  1009.9357462689146  14.742967552516395 30.536691457801485 10:32:54
 -38.539616  43.5243556  -5.6355458  1009.8945260335875  14.573797007422396 30.881005837535085 10:32:57
 -34.45714  43.5243482  -5.6355478  1009.897044825101  14.138978319926897 30.85996593841917 10:32:59
 -30.012896  43.5243252  -5.6355515  1009.905710631362  12.867133208126114 30.787579291489312 10:33:02
 -25.43437  43.524306  -5.6355528  1009.9402813105497  11.991765087501163 30.498810756859406 10:33:04
 -26.42003  43.5242884  -5.6355521  1009.9084933681894  11.33460426643984 30.76433482263168 10:33:07
 -23.30641  43.5242638  -5.6355494  1009.9116271491615  10.809451669053752 30.738158110290076 10:33:09
 -22.061642  43.5242467  -5.6355454  1009.913025512304  10.676600111997042 30.72647749714386 10:33:12
 -30.07322  43.5242293  -5.6355389  1009.9285354103009  10.71253134266551 30.59692324546841 10:33:14
 -30.359886  43.5242319  -5.6355372  1009.9281675631024  10.480661340393386 30.599995856213845 10:33:17
 -24.89717  43.5242316  -5.6355705  1009.9585736836557  13.04697588111327 30.346017986656804 10:33:19
 -23.48115  43.524242  -5.6355684  1009.9330536769975  12.60214233439993 30.55918244529217 10:33:21
 -25.019056  43.5242676  -5.6355628  1009.943310202432  11.896261889700103 30.47351083485036 10:33:24
 -26.23216  43.5242876  -5.6355607  1009.928811787086  11.992995366630005 30.594614683479463 10:33:26
 -29.262844  43.5243153  -5.6355584  1009.9180598869383  12.82849122681271 30.68442516530924 10:33:29
 -38.483402  43.5243334  -5.635556  1009.8835987242277  13.66531509337581 30.972284025742557 10:33:31
 -47.691303  43.5243516  -5.6355552  1009.9046375446949  14.838791736363724 30.79654290167208 10:33:34
 -45.12081  43.5243774  -5.6355536  1009.9134169238955  16.75685279949089 30.72320801444645 10:33:36
 -53.136913  43.5243847  -5.6355556  1009.940836213921  17.474953849813172 30.494175719862913 10:33:39
 -43.47685  43.5243892  -5.6355785  1009.9339090596278  19.085313230000246 30.552037502872253 10:33:41
 -39.968685  43.5243823  -5.6355882  1009.9057771537089  19.10243392323993 30.787023623309302 10:33:44
 -38.032246  43.5243699  -5.6355933  1009.946695309123  18.506774363402627 30.445235571682694 10:33:46
 -34.285946  43.5243539  -5.6355932  1009.933306379011  17.43312367452897 30.557071645157677 10:33:48
 -32.60631  43.5243237  -5.6355902  1009.9587964557244  15.551204396893173 30.344157227055433 10:33:51
 -32.15257  43.5243039  -5.6355875  1009.9267125957286  14.552558216586446 30.612149140711374 10:33:53
 -30.113564  43.5242746  -5.6355811  1009.9624402102736  13.415899099053242 30.31372190008774 10:33:56
 -36.31659  43.5242621  -5.6355778  1009.9579842084657  13.108291395608578 30.35094172768935 10:33:58
 -33.391594  43.524251  -5.6355958  1009.9685015110294  14.640560946143909 30.263093640090414 10:34:01
 -28.197315  43.5242562  -5.6356183  1009.9478038399537  16.406898667782038 30.435976204882753 10:34:03
 -28.182035  43.5242678  -5.6356131  1009.9356763304427  15.962141323977587 30.537275647194775 10:34:06
 -30.962217  43.5242921  -5.635605  1009.9882373422239  15.6014949444824 30.09824775950973 10:34:08
 -33.075596  43.5243087  -5.6355992  1009.9401197528668  15.616148377933515 30.500160227943567 10:34:11
 -35.731773  43.5243364  -5.6355904  1009.9310680989375  16.2097034083129 30.575767838265673 10:34:13
 -44.455833  43.5243563  -5.6355829  1009.9315132060896  16.913290370848397 30.57204988743825 10:34:16
 -41.859306  43.5243775  -5.6355818  1009.946000767537  18.360288885672666 30.451036961929315 10:34:18
 -44.46758  43.5243946  -5.6355915  1009.9435347317673  20.247532192302057 30.471635374290358 10:34:20
 -44.26425  43.5243967  -5.6356162  1009.914514355043  21.851634573312925 30.71404111677014 10:34:23
 -44.104176  43.5243918  -5.6356249  1009.9109852797601  22.025677862999743 30.743519689179568 10:34:25
 -44.03695  43.5243824  -5.6356344  1009.9404073374058  21.98447884233603 30.497758070444732 10:34:28
 -42.73101  43.5243714  -5.6356404  1009.9130511829276  21.68554189340873 30.72626306897587 10:34:30
 -39.523067  43.524352  -5.6356436  1009.9535190266756  20.816321987059947 30.38823836668345 10:34:33
 -35.88308  43.524314  -5.6356433  1009.9611075313263  19.19493748098881 30.32485340781589 10:34:35
 -34.947342  43.524292  -5.6356412  1009.958221129447  18.479158569600518 30.348962784825797 10:34:38
 -36.82573  43.5242657  -5.6356476  1009.9887056385629  18.74805566208783 30.094336290242545 10:34:40
 -33.372665  43.524265  -5.6356694  1009.9572885939409  20.51020650884551 30.35675202743397 10:34:43
 -36.902817  43.5242821  -5.6356696  1009.9249753305952  20.616155520491006 30.626660465716647 10:34:45
 -38.696487  43.5242987  -5.6356674  1009.9549950265849  20.694133414463867 30.37590966332364 10:34:47
 -41.77068  43.5243214  -5.6356645  1009.9441967795617  21.074137017726656 30.466105388270268 10:34:50
 -44.637665  43.5243366  -5.6356623  1009.9732471864991  21.472941142494857 30.223454582337755 10:34:52
 -46.60765  43.5243633  -5.6356552  1009.9867897935479  22.240901200147785 30.11033849359053 10:34:55
 -45.94205  43.5243775  -5.6356526  1009.9475896895814  22.88191129900123 30.437764965356855 10:34:57
 -43.35716  43.5243925  -5.6356524  1009.9069232520858  23.82172727879657 30.777450147358273 10:35:00
 -50.687927  43.5243985  -5.6356772  1009.9413695202663  25.837699885665796 30.48972108200322 10:35:02
 -48.026398  43.5243835  -5.635686  1009.925974367083  25.5233107717583 30.61831554059671 10:35:05
 -44.838905  43.5243469  -5.635691  1009.9676018597481  24.05308246531388 30.27060814672324 10:35:07
 -41.4274  43.5243245  -5.6356919  1009.9337887934379  23.293495375779813 30.553042076404108 10:35:10
 -40.21005  43.5242838  -5.6356907  1009.9497115188314  22.332167547302483 30.4200417115698 10:35:12
 -34.707344  43.5242604  -5.6356891  1009.9580361864346  22.108233049926184 30.350507568427375 10:35:14
 -38.279137  43.5242479  -5.6357089  1010.0107957798834  23.777797863584766 29.909828916638325 10:35:17
 -42.69599  43.5242581  -5.6357208  1009.9923762913079  24.676822016388314 30.063677025186152 10:35:19
 -44.335297  43.5242812  -5.6357264  1009.9395075369335  25.184315867450586 30.505273992505558 10:35:22
 -45.937634  43.5243037  -5.6357284  1009.9431372762224  25.646777882806788 30.474955262311347 10:35:24
 -49.272694  43.5243258  -5.6357306  1009.98037888926  26.344520249676307 30.16388611131936 10:35:27
 -50.026646  43.5243524  -5.6357302  1009.9546351262418  27.224627774647974 30.37891583057323 10:35:29
 -49.738724  43.5243705  -5.6357319  1009.9299289486142  28.13139933441152 30.585283092191336 10:35:32
 -47.60939  43.5244116  -5.6357349  1009.9374698506539  30.527614781711634 30.52229455403706 10:35:34
 -48.707645  43.5244387  -5.6357379  1009.9026683797297  32.43133200976095 30.81299157185751 10:35:37
 -45.882805  43.5244481  -5.6357789  1009.9476064034623  35.73377207982711 30.437625357230463 10:35:39
 -51.42284  43.5244394  -5.635801  1009.9292405007166  36.6957899330044 30.591033660159766 10:35:41
 -56.5366  43.5244217  -5.6358078  1009.9338059602801  36.17600381496104 30.552898683183837 10:35:44
 -55.815815  43.5243991  -5.6358055  1009.9368751012255  34.86708184256302 30.527262433548486 10:35:46
 -56.14896  43.5243605  -5.6357964  1009.9650759545486  32.56223535768721 30.29170627422325 10:35:49
 -47.32183  43.5243305  -5.6357886  1009.9460976042823  31.01794211469282 30.45022810052078 10:35:51
 -44.776295  43.5243024  -5.6357861  1009.9519857942678  30.23470029322302 30.40104513599556 10:35:54
 -41.546345  43.5242634  -5.635788  1009.9809111000236  30.098728688044204 30.15944076564305 10:35:56
 -43.461365  43.5242609  -5.6358112  1009.9878638640174  31.97685066992014 30.101367256498353 10:35:59
 -47.050102  43.5242831  -5.6358122  1010.0014812928741  32.119169382337546 29.987627546747714 10:36:01
 -48.73193  43.5243027  -5.6358074  1009.976580747135  31.945429474918992 30.195610542967064 10:36:04
 -51.2641  43.5243342  -5.6358007  1009.9559284346813  32.06587067103974 30.36811311784543 10:36:06
 -51.48949  43.524352  -5.6357968  1009.9270346033376  32.29706637724585 30.6094594227638 10:36:09
 -51.216232  43.5243823  -5.6357901  1009.9237648635152  32.963291452250786 30.636771473889603 10:36:11
 -51.393616  43.5244103  -5.6357846  1009.908417491894  33.92284100251079 30.76496862394917 10:36:13
 -53.403404  43.5244506  -5.635776  1009.9086986270985  35.70125618167585 30.76262027723873 10:36:16
 -53.966736  43.5244667  -5.6357733  1009.908773836594  36.591816412115776 30.761992045899188 10:36:18
 -55.133392  43.5244752  -5.6357718  1009.8936957088015  37.084009202175366 30.887941692722666 10:36:21
 -55.099632  43.5244741  -5.6357725  1009.8959503785945  37.05113369678236 30.869108033273374 10:36:23
 -53.881283  43.5244681  -5.6357694  1009.8855548694249  36.439439318096646 30.955943861322403 10:36:26
 -45.630493  43.5244635  -5.6357873  1009.9115038697228  37.28082157663642 30.739187871637657 10:36:28
 -52.82483  43.5244555  -5.6358061  1009.9203354212315  38.01361720879849 30.665417592422383 10:36:31
 -55.35891  43.524419  -5.6358326  1009.9367802891111  37.80824655509686 30.528054389398683 10:36:33
 -51.076267  43.5243928  -5.6358377  1009.9533129366209  36.96160873001527 30.38995979284873 10:36:36
 -50.629852  43.5243458  -5.6358429  1009.9253361505254  35.68989511312315 30.62364654569709 10:36:38
 -48.92927  43.5243171  -5.6358449  1009.971649410126  35.181523945474986 30.23680026314066 10:36:40
 -48.24319  43.5242771  -5.6358445  1009.9698947020064  34.69295006582255 30.251456760964455 10:36:43
 -45.005905  43.5242702  -5.6358533  1009.9561473376976  35.38254337912633 30.366284671598976 10:36:45
 -48.710857  43.5242851  -5.6358739  1009.9608726881156  37.11144140138248 30.32681499103288 10:36:48
 -41.802418  43.5243069  -5.6358697  1009.9368668154088  37.00013519982643 30.52733164412107 10:36:50
 -45.878857  43.5243368  -5.6358499  1009.9262275499553  36.00251093047568 30.616200711881106 10:36:54
 -48.436462  43.5243652  -5.6358292  1009.9339803057065  35.241052171176314 30.551442390320368 10:36:56
 -49.74257  43.5243837  -5.6358173  1009.907171335711  35.051619276681485 30.775377880845205 10:36:58
 -48.763874  43.5244095  -5.6357977  1009.9224475330404  34.8164403714472 30.647775121089982 10:37:01
 -52.875362  43.5244333  -5.6357815  1009.8968062676499  35.00029313748401 30.86195864805415 10:37:03
 -52.451614  43.5244584  -5.6357653  1009.883196386755  35.51709071065122 30.97564485329364 10:37:06
 -47.594654  43.5244743  -5.6357711  1009.8547197872659  36.97707041899191 31.21351990753637 10:37:08
 -55.974773  43.5244749  -5.6357992  1009.901607109898  38.80868862327431 30.821856496306907 10:37:11
 -55.280464  43.5244397  -5.6358358  1009.9496379733696  39.128755969440014 30.42065602293285 10:37:13
 -54.369915  43.5244126  -5.6358437  1009.9446413265981  38.30013725316286 30.462392155134246 10:37:16
 -52.428608  43.5243736  -5.6358485  1009.9490438954361  37.01859111538658 30.425618245107596 10:37:18
 -52.666836  43.5243445  -5.6358508  1009.9537576074702  36.27275548044271 30.386245552670783 10:37:21
 -43.74318  43.524303  -5.6358642  1009.9990213914161  36.50619557837628 30.0081738062119 10:37:23
 -49.970634  43.524296  -5.6358911  1009.9774134504895  38.5893681420294 30.188655281374437 10:37:26
 -50.32683  43.5243322  -5.6358874  1009.97758443688  38.86250747510807 30.187227096185243 10:37:28
 -51.90508  43.5243604  -5.6358736  1009.9911292187775  38.512198180462946 30.074093235266297 10:37:30
 -54.194447  43.524403  -5.6358546  1009.9370609846554  38.66222145544975 30.525709768525832 10:37:33
 -54.762184  43.5244276  -5.6358446  1009.9165048029697  39.108192946837114 30.697414825519548 10:37:35
 -56.606716  43.5244495  -5.6358354  1009.9635759958463  39.65305329705305 30.304234998987102 10:37:38
 -53.859592  43.5244659  -5.6358275  1009.9314495660864  40.09405095482594 30.57258146812882 10:37:40
 -45.590042  43.5244925  -5.6358153  1009.8977075730419  41.03205374638415 30.85442989783856 10:37:43
 -49.846375  43.5244988  -5.6357798  1009.9077344166194  39.272642320902335 30.770674413082 10:37:45
 -57.98178  43.5244896  -5.6357766  1009.9216011493675  38.406699919721106 30.654844960878798 10:37:48
 -49.676453  43.5244733  -5.6357872  1009.8958917006183  37.92931297639049 30.869598180455903 10:37:50
 -49.498352  43.5244673  -5.6357963  1009.9114218290102  38.117246298796594 30.73987316322003 10:37:53
 -47.97318  43.5244473  -5.6358285  1009.9204996866599  39.04932346137507 30.66404548211874 10:37:55
 -51.207592  43.5244356  -5.6358489  1009.9477820984293  39.832427011945214 30.43615780800497 10:37:58
 -46.760433  43.5243914  -5.6358953  1009.9881886961756  41.24534032139683 30.09865407821336 10:38:00
 -45.712154  43.5243678  -5.6359275  1009.9733099652714  42.92942051992532 30.222930213024334 10:38:02
 -46.168655  43.5243376  -5.6359669  1009.9930933889068  45.28944363136937 30.05768745106685 10:38:05
 -47.565155  43.5243317  -5.6359889  1009.9463771145913  46.932230528305205 30.44789339723616 10:38:07
 -45.22402  43.5243573  -5.6360114  1009.9970524869866  49.24324413563486 30.024619055655805 10:38:10
 -45.62864  43.5243632  -5.6360014  1009.9647934189311  48.59615309626002 30.294066212039603 10:38:12
 -45.71323  43.5243767  -5.6359581  1009.9670861399021  45.57826983128219 30.274915796233422 10:38:15
 -44.02149  43.5243898  -5.6359194  1009.9620943934152  43.02430639573057 30.316610413872638 10:38:17
 -43.620926  43.5244021  -5.6358803  1009.9480460450391  40.53970009649613 30.433953108681955 10:38:20
 -42.29394  43.5244266  -5.6358014  1009.9043419690696  35.99229267355767 30.799011878520933 10:38:22
 -41.13338  43.5244435  -5.6357552  1009.891020561202  33.87478015042447 30.910287722543394 10:38:25
 -55.855587  43.524452  -5.6357218  1009.8799888206672  32.32585135738172 31.002438509892023 10:38:27
 -45.13694  43.52445  -5.6357311  1009.9218054009976  32.76497281898481 30.653138847306305 10:38:30
 -48.11288  43.5244445  -5.6357858  1009.9102391472713  35.97000262269165 30.749752188209854 10:38:32
 -48.325317  43.5244318  -5.6358124  1009.9402016097355  37.05131086214178 30.49947648775383 10:38:34
 -48.208637  43.5244064  -5.635851  1009.9350730276392  38.54791009327327 30.54231497941568 10:38:37
 -48.03211  43.5243802  -5.6358844  1009.9631409963629  40.002057526157486 30.307868427707298 10:38:39
 -48.0368  43.5243602  -5.6359465  1009.9525999487018  44.201728671581066 30.395915230694776 10:38:42
 -46.544525  43.5243477  -5.6359873  1010.0083452929306  47.11950765877669 29.930296388793323 10:38:44
 -46.677322  43.524359  -5.636005  1009.9752284629787  48.777529998950854 30.20690567976092 10:38:47
 -46.12037  43.5243698  -5.6359908  1009.9657371761672  47.93471910826689 30.28618328450557 10:38:49
 -45.42507  43.52438  -5.6359654  1009.9565944426469  46.24645802856824 30.362550108394043 10:38:52
 -44.131535  43.5243964  -5.6359174  1009.9268045718594  43.11442550033513 30.611380867340774 10:38:54
 -43.36945  43.5244124  -5.6358736  1009.936386785705  40.48819232701058 30.531341283577145 10:38:57
 -43.88394  43.5244419  -5.6358061  1009.8936132940994  37.19261086929967 30.888630118091587 10:38:59
 -51.538467  43.524457  -5.6357713  1009.8943447400502  35.81132170224404 30.882520215302705 10:39:02
 -46.63428  43.5244856  -5.6357654  1009.897343380343  37.43068992443609 30.85747205790425 10:39:04
 -48.137604  43.5244861  -5.6357709  1009.8802618039891  37.80375673248733 31.00015820458428 10:39:06
 -53.758896  43.524489  -5.635786  1009.8930422746043  38.944465240370135 30.893399951633352 10:39:09
 -54.636276  43.5244842  -5.6358333  1009.9074861309324  41.64085703439188 30.772748366504477 10:39:11
 -52.862434  43.5244614  -5.6358769  1009.9115459224407  43.21232485457258 30.73883660247908 10:39:14
 -54.9971  43.5244475  -5.6359016  1009.922016492998  44.21672777658424 30.651375596423357 10:39:16
 -48.6463  43.5244311  -5.6359292  1009.9541144557905  45.43949130382158 30.38326487618715 10:39:19
 -50.070488  43.5244012  -5.6359652  1009.9449771247045  46.937602877698495 30.459587285991024 10:39:21
 -47.979668  43.5243827  -5.6359852  1009.9652274450948  47.86791932171727 30.29044091798729 10:39:24
 -50.362324  43.5243663  -5.6360095  1009.9541144557905  49.312046551101005 30.38326487618715 10:39:26
 -48.58605  43.524367  -5.6360248  1009.9916500018305  50.53439484875168 30.069743378195575 10:39:29
 -45.766605  43.5243824  -5.6360315  1009.9503025682163  51.46985068028652 30.415104788931522 10:39:31
 -47.924225  43.5243925  -5.6360196  1009.9559398617482  50.84156011272192 30.36801767019263 10:39:34
 -46.07524  43.5244084  -5.6359857  1009.9403649423552  48.76492737005667 30.498112190938166 10:39:36
 -46.43599  43.5244233  -5.6359531  1009.9165377424313  46.878898780525404 30.697139681099067 10:39:39
 -47.916473  43.5244573  -5.6358852  1009.9065541030649  43.56719471548482 30.780533685598247 10:39:41
 -54.551804  43.5244828  -5.6358403  1009.9266088417363  42.01110704260302 30.613015794217276 10:39:43
 -53.461082  43.5245034  -5.6358233  1009.8816832104578  42.29154119622234 30.988284810640668 10:39:46
 -58.970215  43.5245168  -5.6358245  1009.8933305915657  43.31427318692847 30.890991585404294 10:39:48
 -52.947784  43.5245197  -5.6358275  1009.8827273769228  43.707683291244834 30.979562613442706 10:39:51
 -59.83432  43.5245263  -5.6358313  1009.9065541030649  44.41825713385968 30.780533685598247 10:39:53
 -53.112564  43.5245504  -5.635846  1009.8690152375304  47.08510247896115 31.094104303125757 10:39:56
 -52.922848  43.5245514  -5.6358475  1009.8628904747524  47.24956871776983 31.145266724715402 10:39:58
 -51.01447  43.524552  -5.6358486  1009.897633253648  47.36019535825499 30.85505069959115 10:40:01
 -54.558323  43.5245504  -5.6358477  1009.8688538776848  47.18673247819795 31.095452198711193 10:40:03
 -48.59781  43.524543  -5.6358431  1009.8549292232879  46.360007689478756 31.2117703949336 10:40:06
 -60.956264  43.52453  -5.6358633  1009.8807714387813  46.66444836453401 30.995901085313278 10:40:08
 -60.202778  43.5245236  -5.6358809  1009.9282353804217  47.34103358226141 30.5994293811977 10:40:11
 -53.1061  43.5244979  -5.6359154  1009.9250459010057  47.986400689794436 30.62607099274424 10:40:13
 -52.457104  43.5244768  -5.6359383  1009.9540624330059  48.371203234210085 30.383699411150733 10:40:15
 -61.068336  43.5244637  -5.6359488  1009.9145292117221  48.43322561435842 30.71391701823417 10:40:18
 -45.75829  43.5244515  -5.6359464  1009.9337612179561  47.65523673752805 30.553272412134447 10:40:20
 -44.156612  43.5244236  -5.6358867  1009.9420235630533  41.96647359469923 30.484257951108393 10:40:23
 -41.56687  43.5244092  -5.635829  1009.9091678716622  37.064922160428566 30.75870063793691 10:40:25
 -38.197075  43.5244137  -5.6357681  1009.891262643549  32.944339836278395 30.90826555949626 10:40:28
 -35.819176  43.524421  -5.6356792  1009.8681705103706  27.476628283544702 31.10116060835004 10:40:30
 -29.275415  43.5243954  -5.6356267  1009.8696372313527  22.394666392302845 31.088908571431208 10:40:33
 -25.299006  43.5243532  -5.6355559  1009.8898571965656  14.997653542255865 30.920005549279583 10:40:35
 -24.78044  43.5243359  -5.6355222  1009.897047437111  11.684665570338673 30.859944119874683 10:40:38
 -27.028591  43.5243213  -5.6354997  1009.8569240300172  9.247770437999542 31.19510689839662 10:40:40
 -23.308805  43.5243108  -5.6354806  1009.8688229883228  7.324510141260011 31.095710228443917 10:40:43
 -26.1477  43.5242963  -5.6354493  1009.8768589832815  4.430220415402658 31.028582944299597 10:40:45
 -14.880808  43.5242904  -5.6354383  1009.8581611847671  3.3805176501412504 31.18477241492461 10:40:47
 -15.01866  43.5242855  -5.6354317  1009.8661309207241  2.638633616858094 31.118198042932594 10:40:50
 -14.998304  43.524284  -5.6354302  1009.8794874403717  2.434048950929688 31.006626679702 10:40:52
 -14.003673  43.524283  -5.6354261  1009.8678823691707  2.189907363252542 31.103567554967725 10:40:55
 -15.432152  43.5242827  -5.6354232  1009.863660460998  2.079119285843736 31.138834729403026 10:40:57
 -15.5337715  43.5242828  -5.6354195  1009.89417903889  2.023311607684772 30.883904347309596 10:41:00
 -14.52313  43.5242827  -5.6354176  1009.9034656609958  1.9946660621118808 30.806331783071997 10:41:02
 -14.326041  43.5242826  -5.6354156  1009.8937126099838  1.9776491684316324 30.887800514004404 10:41:05
