-16.399258 5.60466764520681 103141
-16.490976 5.540340494357331 103143
-15.34102 5.534211753827369 103146
-17.298649 6.703795849770085 103148
-24.425463 6.770313796042897 103150
-23.963451 6.540707095229479 103153
-38.163048 6.5496331462871735 103155
-34.660065 6.916852977594639 103158
-31.807068 7.488984811631987 103200
-33.699635 8.581233758157108 103203
-37.917736 9.43781942169016 103205
-38.17005 10.217166762034317 103208
-34.82626 11.411983112345066 103210
-32.97556 11.217960547276187 103213
-35.64705 10.265885190323566 103215
-30.616884 9.45261599916299 103218
-35.55621 8.577917755412152 103220
-34.0599 8.319616483047183 103222
-39.04017 8.092984769926169 103225
-26.522165 8.121048969250973 103227
-32.585846 8.148456090151356 103230
-22.441044 9.775509087427057 103232
-19.901102 10.410479811951506 103235
-23.50427 9.991067441446623 103237
-22.746534 9.556438850096077 103240
-30.707617 9.310715702689086 103242
-43.546936 9.698485743180516 103245
-41.71085 10.882949523405237 103247
-40.457455 11.965272963732119 103250
-51.160618 13.754913404452461 103252
-45.013542 14.742967552516395 103254
-38.539616 14.573797007422396 103257
-34.45714 14.138978319926897 103259
-30.012896 12.867133208126114 103302
-25.43437 11.991765087501163 103304
-26.42003 11.33460426643984 103307
-23.30641 10.809451669053752 103309
-22.061642 10.676600111997042 103312
-30.07322 10.71253134266551 103314
-30.359886 10.480661340393386 103317
-24.89717 13.04697588111327 103319
-23.48115 12.60214233439993 103321
-25.019056 11.896261889700103 103324
-26.23216 11.992995366630005 103326
-29.262844 12.82849122681271 103329
-38.483402 13.66531509337581 103331
-47.691303 14.838791736363724 103334
-45.12081 16.75685279949089 103336
-53.136913 17.474953849813172 103339
-43.47685 19.085313230000246 103341
-39.968685 19.10243392323993 103344
-38.032246 18.506774363402627 103346
-34.285946 17.43312367452897 103348
-32.60631 15.551204396893173 103351
-32.15257 14.552558216586446 103353
-30.113564 13.415899099053242 103356
-36.31659 13.108291395608578 103358
-33.391594 14.640560946143909 103401
-28.197315 16.406898667782038 103403
-28.182035 15.962141323977587 103406
-30.962217 15.6014949444824 103408
-33.075596 15.616148377933515 103411
-35.731773 16.2097034083129 103413
-44.455833 16.913290370848397 103416
-41.859306 18.360288885672666 103418
-44.46758 20.247532192302057 103420
-44.26425 21.851634573312925 103423
-44.104176 22.025677862999743 103425
-44.03695 21.98447884233603 103428
-42.73101 21.68554189340873 103430
-39.523067 20.816321987059947 103433
-35.88308 19.19493748098881 103435
-34.947342 18.479158569600518 103438
-36.82573 18.74805566208783 103440
-33.372665 20.51020650884551 103443
-36.902817 20.616155520491006 103445
-38.696487 20.694133414463867 103447
-41.77068 21.074137017726656 103450
-44.637665 21.472941142494857 103452
-46.60765 22.240901200147785 103455
-45.94205 22.88191129900123 103457
-43.35716 23.82172727879657 103500
-50.687927 25.837699885665796 103502
-48.026398 25.5233107717583 103505
-44.838905 24.05308246531388 103507
-41.4274 23.293495375779813 103510
-40.21005 22.332167547302483 103512
-34.707344 22.108233049926184 103514
-38.279137 23.777797863584766 103517
-42.69599 24.676822016388314 103519
-44.335297 25.184315867450586 103522
-45.937634 25.646777882806788 103524
-49.272694 26.344520249676307 103527
-50.026646 27.224627774647974 103529
-49.738724 28.13139933441152 103532
-47.60939 30.527614781711634 103534
-48.707645 32.43133200976095 103537
-45.882805 35.73377207982711 103539
-51.42284 36.6957899330044 103541
-56.5366 36.17600381496104 103544
-55.815815 34.86708184256302 103546
-56.14896 32.56223535768721 103549
-47.32183 31.01794211469282 103551
-44.776295 30.23470029322302 103554
-41.546345 30.098728688044204 103556
-43.461365 31.97685066992014 103559
-47.050102 32.119169382337546 103601
-48.73193 31.945429474918992 103604
-51.2641 32.06587067103974 103606
-51.48949 32.29706637724585 103609
-51.216232 32.963291452250786 103611
-51.393616 33.92284100251079 103613
-53.403404 35.70125618167585 103616
-53.966736 36.591816412115776 103618
-55.133392 37.084009202175366 103621
-55.099632 37.05113369678236 103623
-53.881283 36.439439318096646 103626
-45.630493 37.28082157663642 103628
-52.82483 38.01361720879849 103631
-55.35891 37.80824655509686 103633
-51.076267 36.96160873001527 103636
-50.629852 35.68989511312315 103638
-48.92927 35.181523945474986 103640
-48.24319 34.69295006582255 103643
-45.005905 35.38254337912633 103645
-48.710857 37.11144140138248 103648
-41.802418 37.00013519982643 103650
-45.878857 36.00251093047568 103654
-48.436462 35.241052171176314 103656
-49.74257 35.051619276681485 103658
-48.763874 34.8164403714472 103701
-52.875362 35.00029313748401 103703
-52.451614 35.51709071065122 103706
-47.594654 36.97707041899191 103708
-55.974773 38.80868862327431 103711
-55.280464 39.128755969440014 103713
-54.369915 38.30013725316286 103716
-52.428608 37.01859111538658 103718
-52.666836 36.27275548044271 103721
-43.74318 36.50619557837628 103723
-49.970634 38.5893681420294 103726
-50.32683 38.86250747510807 103728
-51.90508 38.512198180462946 103730
-54.194447 38.66222145544975 103733
-54.762184 39.108192946837114 103735
-56.606716 39.65305329705305 103738
-53.859592 40.09405095482594 103740
-45.590042 41.03205374638415 103743
-49.846375 39.272642320902335 103745
-57.98178 38.406699919721106 103748
-49.676453 37.92931297639049 103750
-49.498352 38.117246298796594 103753
-47.97318 39.04932346137507 103755
-51.207592 39.832427011945214 103758
-46.760433 41.24534032139683 103800
-45.712154 42.92942051992532 103802
-46.168655 45.28944363136937 103805
-47.565155 46.932230528305205 103807
-45.22402 49.24324413563486 103810
-45.62864 48.59615309626002 103812
-45.71323 45.57826983128219 103815
-44.02149 43.02430639573057 103817
-43.620926 40.53970009649613 103820
-42.29394 35.99229267355767 103822
-41.13338 33.87478015042447 103825
-55.855587 32.32585135738172 103827
-45.13694 32.76497281898481 103830
-48.11288 35.97000262269165 103832
-48.325317 37.05131086214178 103834
-48.208637 38.54791009327327 103837
-48.03211 40.002057526157486 103839
-48.0368 44.201728671581066 103842
-46.544525 47.11950765877669 103844
-46.677322 48.777529998950854 103847
-46.12037 47.93471910826689 103849
-45.42507 46.24645802856824 103852
-44.131535 43.11442550033513 103854
-43.36945 40.48819232701058 103857
-43.88394 37.19261086929967 103859
-51.538467 35.81132170224404 103902
-46.63428 37.43068992443609 103904
-48.137604 37.80375673248733 103906
-53.758896 38.944465240370135 103909
-54.636276 41.64085703439188 103911
-52.862434 43.21232485457258 103914
-54.9971 44.21672777658424 103916
-48.6463 45.43949130382158 103919
-50.070488 46.937602877698495 103921
-47.979668 47.86791932171727 103924
-50.362324 49.312046551101005 103926
-48.58605 50.53439484875168 103929
-45.766605 51.46985068028652 103931
-47.924225 50.84156011272192 103934
-46.07524 48.76492737005667 103936
-46.43599 46.878898780525404 103939
-47.916473 43.56719471548482 103941
-54.551804 42.01110704260302 103943
-53.461082 42.29154119622234 103946
-58.970215 43.31427318692847 103948
-52.947784 43.707683291244834 103951
-59.83432 44.41825713385968 103953
-53.112564 47.08510247896115 103956
-52.922848 47.24956871776983 103958
-51.01447 47.36019535825499 104001
-54.558323 47.18673247819795 104003
-48.59781 46.360007689478756 104006
-60.956264 46.66444836453401 104008
-60.202778 47.34103358226141 104011
-53.1061 47.986400689794436 104013
-52.457104 48.371203234210085 104015
-61.068336 48.43322561435842 104018
-45.75829 47.65523673752805 104020
-44.156612 41.96647359469923 104023
-41.56687 37.064922160428566 104025
-38.197075 32.944339836278395 104028
-35.819176 27.476628283544702 104030
-29.275415 22.394666392302845 104033
-25.299006 14.997653542255865 104035
-24.78044 11.684665570338673 104038
-27.028591 9.247770437999542 104040
-23.308805 7.324510141260011 104043
-26.1477 4.430220415402658 104045
-14.880808 3.3805176501412504 104047
-15.01866 2.638633616858094 104050
-14.998304 2.434048950929688 104052
-14.003673 2.189907363252542 104055
-15.432152 2.079119285843736 104057
-15.5337715 2.023311607684772 104100
-14.52313 1.9946660621118808 104102
-14.326041 1.9776491684316324 104105
